HMMER3/f [3.3 | Nov 2019]
NAME  amoB_Archaea_Selected_Sequences_msa
LENG  185
ALPH  amino
RF    no
MM    no
CONS  yes
CS    no
MAP   yes
DATE  Tue Jan 25 14:19:51 2022
NSEQ  4
EFFN  0.527344
CKSUM 3044408636
STATS LOCAL MSV      -10.0888  0.70626
STATS LOCAL VITERBI  -11.0274  0.70626
STATS LOCAL FORWARD   -4.8075  0.70626
HMM          A        C        D        E        F        G        H        I        K        L        M        N        P        Q        R        S        T        V        W        Y   
            m->m     m->i     m->d     i->m     i->i     d->m     d->d
  COMPO   2.49847  4.45999  3.11389  2.84715  3.34102  2.69201  3.76752  2.62590  2.88716  2.40003  3.64976  3.11484  3.26520  3.11977  3.03626  2.71296  2.82066  2.39763  4.39892  3.54643
          2.68618  4.42225  2.77519  2.73123  3.46354  2.40513  3.72494  3.29354  2.67741  2.69355  4.24690  2.90347  2.73739  3.18146  2.89801  2.37887  2.77519  2.98518  4.58477  3.61503
          0.24590  3.89207  1.62151  0.61958  0.77255  0.00000        *
      1   2.83136  4.41536  3.84759  3.43614  3.14612  3.68908  4.21555  2.30419  3.21052  1.78011  1.79874  3.73401  4.15747  3.61084  3.43616  3.15631  3.13762  2.28533  4.95565  3.69435      1 l - - -
          2.68618  4.42225  2.77519  2.73123  3.46354  2.40513  3.72494  3.29354  2.67741  2.69355  4.24690  2.90347  2.73739  3.18146  2.89801  2.37887  2.77519  2.98518  4.58477  3.61503
          0.03803  3.68420  4.40654  0.61958  0.77255  0.39679  1.11618
      2   2.71681  4.50325  3.40759  2.89430  3.57108  3.56766  3.82042  2.82348  2.16808  2.44433  2.04825  3.29649  3.98460  3.08376  2.81852  2.89898  2.96162  2.65923  5.05126  3.80470      2 m - - -
          2.68618  4.42225  2.77519  2.73123  3.46354  2.40513  3.72494  3.29354  2.67741  2.69355  4.24690  2.90347  2.73739  3.18146  2.89801  2.37887  2.77519  2.98518  4.58477  3.61503
          0.03078  3.89207  4.61442  0.61958  0.77255  0.48576  0.95510
      3   2.68326  4.45882  3.20977  2.36454  3.69784  3.50985  3.96302  2.54412  2.85019  2.58400  3.63130  3.28813  3.99709  3.23492  3.19118  2.89422  2.96791  1.58037  5.21306  3.94060      3 v - - -
          2.68618  4.42225  2.77519  2.73123  3.46354  2.40513  3.72494  3.29354  2.67741  2.69355  4.24690  2.90347  2.73739  3.18146  2.89801  2.37887  2.77519  2.98518  4.58477  3.61503
          0.03078  3.89207  4.61442  0.61958  0.77255  0.48576  0.95510
      4   2.59753  4.81479  2.41862  2.12124  4.06959  3.33265  3.61347  3.47963  2.43995  3.08929  3.07762  2.86507  3.77473  2.77077  2.90821  2.32730  2.84117  3.15256  5.33365  3.98548      4 e - - -
          2.68618  4.42225  2.77519  2.73123  3.46354  2.40513  3.72494  3.29354  2.67741  2.69355  4.24690  2.90347  2.73739  3.18146  2.89801  2.37887  2.77519  2.98518  4.58477  3.61503
          0.03078  3.89207  4.61442  0.61958  0.77255  0.48576  0.95510
      5   2.86952  5.01629  3.02706  2.57007  4.20454  3.49075  2.69836  3.77289  1.43957  3.27860  4.14700  3.03264  3.91674  2.76435  2.33333  2.87156  3.07912  3.45270  5.31549  4.00866      5 k - - -
          2.68618  4.42225  2.77519  2.73123  3.46354  2.40513  3.72494  3.29354  2.67741  2.69355  4.24690  2.90347  2.73739  3.18146  2.89801  2.37887  2.77519  2.98518  4.58477  3.61503
          0.03078  3.89207  4.61442  0.61958  0.77255  0.48576  0.95510
      6   2.59125  4.54216  3.18814  2.67798  3.86879  3.40560  3.73458  3.04516  1.93445  2.83714  3.74897  3.11580  3.86062  2.93899  2.78720  2.71284  2.43732  2.36719  5.20666  3.94175      6 k - - -
          2.68618  4.42225  2.77519  2.73123  3.46354  2.40513  3.72494  3.29354  2.67741  2.69355  4.24690  2.90347  2.73739  3.18146  2.89801  2.37887  2.77519  2.98518  4.58477  3.61503
          0.03078  3.89207  4.61442  0.61958  0.77255  0.48576  0.95510
      7   2.34513  4.26709  4.12049  3.56169  2.58567  3.91280  4.21886  1.93502  3.46250  1.69942  3.10523  3.84103  4.25290  3.70026  3.69310  3.21491  3.03223  2.08052  4.87887  3.65157      7 l - - -
          2.68618  4.42225  2.77519  2.73123  3.46354  2.40513  3.72494  3.29354  2.67741  2.69355  4.24690  2.90347  2.73739  3.18146  2.89801  2.37887  2.77519  2.98518  4.58477  3.61503
          0.03078  3.89207  4.61442  0.61958  0.77255  0.48576  0.95510
      8   2.96365  4.33875  4.50297  3.96000  2.57641  4.19309  4.53449  1.70135  3.85524  1.83084  3.12246  4.19131  4.49539  4.05873  4.04224  3.52757  3.20803  1.44582  5.04204  3.79760      8 v - - -
          2.68618  4.42225  2.77519  2.73123  3.46354  2.40513  3.72494  3.29354  2.67741  2.69355  4.24690  2.90347  2.73739  3.18146  2.89801  2.37887  2.77519  2.98518  4.58477  3.61503
          0.03078  3.89207  4.61442  0.61958  0.77255  0.48576  0.95510
      9   2.96486  4.40076  4.37147  3.88771  3.35227  4.10608  4.61949  1.91409  3.72362  1.66097  3.24144  4.14536  4.48913  4.03770  3.94595  3.49078  3.24581  1.25853  5.24691  4.00457      9 v - - -
          2.68618  4.42225  2.77519  2.73123  3.46354  2.40513  3.72494  3.29354  2.67741  2.69355  4.24690  2.90347  2.73739  3.18146  2.89801  2.37887  2.77519  2.98518  4.58477  3.61503
          0.03078  3.89207  4.61442  0.61958  0.77255  0.48576  0.95510
     10   2.12034  4.21263  3.54376  3.06222  2.76428  3.34947  3.96677  2.68453  3.01058  2.50416  3.49685  3.36645  3.88315  3.31755  3.32889  2.69942  2.01984  2.45993  5.00698  3.74335     10 t - - -
          2.68618  4.42225  2.77519  2.73123  3.46354  2.40513  3.72494  3.29354  2.67741  2.69355  4.24690  2.90347  2.73739  3.18146  2.89801  2.37887  2.77519  2.98518  4.58477  3.61503
          0.03078  3.89207  4.61442  0.61958  0.77255  0.48576  0.95510
     11   1.23882  4.13089  3.32281  3.08871  4.21215  2.20950  4.18160  3.53696  3.17653  3.30299  4.17058  3.25791  3.65820  3.47057  3.47480  2.38960  2.69449  3.04593  5.56477  4.36143     11 a - - -
          2.68618  4.42225  2.77519  2.73123  3.46354  2.40513  3.72494  3.29354  2.67741  2.69355  4.24690  2.90347  2.73739  3.18146  2.89801  2.37887  2.77519  2.98518  4.58477  3.61503
          0.03078  3.89207  4.61442  0.61958  0.77255  0.48576  0.95510
     12   3.08153  4.43595  4.60865  4.06782  3.26003  4.35241  4.74747  1.65041  3.94198  1.36085  3.07471  4.34014  4.61754  4.16415  4.13821  3.70001  3.32481  1.58920  5.24201  4.09017     12 l - - -
          2.68618  4.42225  2.77519  2.73123  3.46354  2.40513  3.72494  3.29354  2.67741  2.69355  4.24690  2.90347  2.73739  3.18146  2.89801  2.37887  2.77519  2.98518  4.58477  3.61503
          0.03078  3.89207  4.61442  0.61958  0.77255  0.48576  0.95510
     13   1.25168  4.13125  3.32017  3.08568  4.21386  2.17886  4.18007  3.54092  3.17479  3.30491  4.17142  3.25600  3.65749  3.46826  3.47406  2.38864  2.69382  3.04847  5.56578  4.36208     13 a - - -
          2.68618  4.42225  2.77519  2.73123  3.46354  2.40513  3.72494  3.29354  2.67741  2.69355  4.24690  2.90347  2.73739  3.18146  2.89801  2.37887  2.77519  2.98518  4.58477  3.61503
          0.03078  3.89207  4.61442  0.61958  0.77255  0.48576  0.95510
     14   2.58545  4.23368  3.91784  3.50195  3.65075  3.51402  4.36997  2.17687  3.38826  2.40594  3.54964  3.70841  4.09290  3.73071  3.64691  2.92743  2.35542  1.33020  5.32218  4.09305     14 v - - -
          2.68618  4.42225  2.77519  2.73123  3.46354  2.40513  3.72494  3.29354  2.67741  2.69355  4.24690  2.90347  2.73739  3.18146  2.89801  2.37887  2.77519  2.98518  4.58477  3.61503
          0.03078  3.89207  4.61442  0.61958  0.77255  0.48576  0.95510
     15   2.98591  4.36668  4.53524  4.04612  3.48420  4.22495  4.79926  1.55356  3.91965  2.02268  3.32047  4.28870  4.58779  4.21336  4.14295  3.60955  3.26400  1.15304  5.40630  4.18342     15 v - - -
          2.68618  4.42225  2.77519  2.73123  3.46354  2.40513  3.72494  3.29354  2.67741  2.69355  4.24690  2.90347  2.73739  3.18146  2.89801  2.37887  2.77519  2.98518  4.58477  3.61503
          0.03078  3.89207  4.61442  0.61958  0.77255  0.48576  0.95510
     16   3.05891  4.46498  4.46458  3.90743  3.13438  4.24664  4.58040  2.06519  3.76891  1.26123  2.40069  4.19988  4.51446  3.98599  3.96778  3.57530  3.29448  1.80423  5.09981  3.97379     16 l - - -
          2.68618  4.42225  2.77519  2.73123  3.46354  2.40513  3.72494  3.29354  2.67741  2.69355  4.24690  2.90347  2.73739  3.18146  2.89801  2.37887  2.77519  2.98518  4.58477  3.61503
          0.03078  3.89207  4.61442  0.61958  0.77255  0.48576  0.95510
     17   1.76807  4.19081  3.81668  3.41735  3.71571  3.34749  4.31265  2.34977  3.34060  2.52317  3.62583  3.59956  3.97405  3.66121  3.60979  2.76890  2.87002  1.56396  5.33491  4.10981     17 v - - -
          2.68618  4.42225  2.77519  2.73123  3.46354  2.40513  3.72494  3.29354  2.67741  2.69355  4.24690  2.90347  2.73739  3.18146  2.89801  2.37887  2.77519  2.98518  4.58477  3.61503
          0.03078  3.89207  4.61442  0.61958  0.77255  0.48576  0.95510
     18   3.17706  4.63341  4.22102  3.86077  3.14288  4.00715  4.51034  2.34778  3.62833  0.85144  3.15937  4.13436  4.43902  3.99197  3.80127  3.58002  3.47035  2.39024  5.02947  3.75738     18 l - - -
          2.68618  4.42225  2.77519  2.73123  3.46354  2.40513  3.72494  3.29354  2.67741  2.69355  4.24690  2.90347  2.73739  3.18146  2.89801  2.37887  2.77519  2.98518  4.58477  3.61503
          0.03078  3.89207  4.61442  0.61958  0.77255  0.48576  0.95510
     19   2.23786  4.20011  3.10444  2.92611  4.29381  1.46730  4.12388  3.76723  3.10245  3.44516  4.28461  3.16664  3.65338  3.39329  3.42825  1.90080  2.72385  3.21112  5.61592  4.37112     19 g - - -
          2.68618  4.42225  2.77519  2.73123  3.46354  2.40513  3.72494  3.29354  2.67741  2.69355  4.24690  2.90347  2.73739  3.18146  2.89801  2.37887  2.77519  2.98518  4.58477  3.61503
          0.03078  3.89207  4.61442  0.61958  0.77255  0.48576  0.95510
     20   1.54989  4.11288  3.40998  3.06518  4.10843  2.93470  4.10424  3.41608  3.07170  3.17764  4.03037  3.24497  3.65412  3.37782  3.38808  1.92112  2.14085  2.95767  5.47703  4.26190     20 a - - -
          2.68618  4.42225  2.77519  2.73123  3.46354  2.40513  3.72494  3.29354  2.67741  2.69355  4.24690  2.90347  2.73739  3.18146  2.89801  2.37887  2.77519  2.98518  4.58477  3.61503
          0.03078  3.89207  4.61442  0.61958  0.77255  0.48576  0.95510
     21   2.98280  4.38669  4.42170  3.88123  2.42962  4.15306  4.40786  2.06929  3.76748  1.55230  3.05672  4.12036  4.45562  3.96612  3.95723  3.48269  3.22446  1.56806  4.88761  3.58601     21 l - - -
          2.68618  4.42225  2.77519  2.73123  3.46354  2.40513  3.72494  3.29354  2.67741  2.69355  4.24690  2.90347  2.73739  3.18146  2.89801  2.37887  2.77519  2.98518  4.58477  3.61503
          0.03078  3.89207  4.61442  0.61958  0.77255  0.48576  0.95510
     22   2.01724  4.22406  3.39233  2.96649  3.74728  2.16011  3.97256  2.36081  2.93879  2.75784  3.69113  3.27165  3.80147  3.26591  3.27313  2.58758  2.75442  2.60457  5.19387  3.95312     22 a - - -
          2.68618  4.42225  2.77519  2.73123  3.46354  2.40513  3.72494  3.29354  2.67741  2.69355  4.24690  2.90347  2.73739  3.18146  2.89801  2.37887  2.77519  2.98518  4.58477  3.61503
          0.03078  3.89207  4.61442  0.61958  0.77255  0.48576  0.95510
     23   2.12446  4.28317  3.36200  2.90031  2.78405  3.31183  3.87553  2.89863  2.87716  2.61026  3.57346  3.25252  2.38538  3.19488  3.22582  2.65665  2.78740  2.65155  5.00426  3.70322     23 a - - -
          2.68610  4.42236  2.77531  2.73115  3.46365  2.40524  3.72506  3.29365  2.67752  2.69347  4.24701  2.90335  2.73751  3.18126  2.89812  2.37870  2.77531  2.98505  4.58367  3.61514
          0.24590  1.56976  4.61442  1.25080  0.33726  0.48576  0.95510
     24   2.78417  4.25913  4.09641  3.53252  3.04162  3.88800  4.11876  1.78898  3.39857  1.88978  2.55326  3.79905  4.22120  3.64868  3.61484  3.18524  3.01640  2.19217  4.74308  2.75706     29 i - - -
          2.68618  4.42225  2.77519  2.73123  3.46354  2.40513  3.72494  3.29354  2.67741  2.69355  4.24690  2.90347  2.73739  3.18146  2.89801  2.37887  2.77519  2.98518  4.58477  3.61503
          0.03078  3.89207  4.61442  0.61958  0.77255  0.48576  0.95510
     25   3.09539  4.49474  4.49208  3.93295  2.37087  4.24932  4.43383  2.23295  3.80756  1.32974  1.98194  4.19176  4.49518  3.96279  3.97399  3.56946  3.31884  2.32418  4.84455  3.60099     30 l - - -
          2.68618  4.42225  2.77519  2.73123  3.46354  2.40513  3.72494  3.29354  2.67741  2.69355  4.24690  2.90347  2.73739  3.18146  2.89801  2.37887  2.77519  2.98518  4.58477  3.61503
          0.03078  3.89207  4.61442  0.61958  0.77255  0.48576  0.95510
     26   2.71291  4.92116  2.83022  2.42630  4.25783  3.37868  3.61471  3.67543  1.96476  3.22656  4.06406  2.92692  2.48910  2.35902  2.58223  2.72140  2.95171  3.33536  5.40329  4.09651     31 k - - -
          2.68618  4.42225  2.77519  2.73123  3.46354  2.40513  3.72494  3.29354  2.67741  2.69355  4.24690  2.90347  2.73739  3.18146  2.89801  2.37887  2.77519  2.98518  4.58477  3.61503
          0.03078  3.89207  4.61442  0.61958  0.77255  0.48576  0.95510
     27   2.60562  4.86362  2.30401  2.30480  4.17116  3.28667  2.91297  3.62242  2.46080  3.20445  4.01975  2.83624  3.76492  2.78284  2.93498  2.29198  2.48855  3.26523  5.41418  4.04623     32 s - - -
          2.68618  4.42225  2.77519  2.73123  3.46354  2.40513  3.72494  3.29354  2.67741  2.69355  4.24690  2.90347  2.73739  3.18146  2.89801  2.37887  2.77519  2.98518  4.58477  3.61503
          0.03078  3.89207  4.61442  0.61958  0.77255  0.48576  0.95510
     28   0.98588  4.20154  3.48224  3.27422  4.07165  3.02560  4.29398  3.20008  3.29098  3.08081  4.11032  3.41896  3.76665  3.63030  3.54028  2.55159  2.83029  2.85108  5.49685  4.29923     33 a - - -
          2.68618  4.42225  2.77519  2.73123  3.46354  2.40513  3.72494  3.29354  2.67741  2.69355  4.24690  2.90347  2.73739  3.18146  2.89801  2.37887  2.77519  2.98518  4.58477  3.61503
          0.03078  3.89207  4.61442  0.61958  0.77255  0.48576  0.95510
     29   2.66855  4.90426  2.01447  2.03155  3.01885  3.31161  3.64296  3.53573  2.52936  3.14756  4.00062  2.82961  3.79412  2.81878  3.01806  2.67084  2.91902  3.21757  5.35712  3.96072     34 d - - -
          2.68618  4.42225  2.77519  2.73123  3.46354  2.40513  3.72494  3.29354  2.67741  2.69355  4.24690  2.90347  2.73739  3.18146  2.89801  2.37887  2.77519  2.98518  4.58477  3.61503
          0.03078  3.89207  4.61442  0.61958  0.77255  0.48576  0.95510
     30   0.98588  4.20154  3.48224  3.27422  4.07165  3.02560  4.29398  3.20008  3.29098  3.08081  4.11032  3.41896  3.76665  3.63030  3.54028  2.55159  2.83029  2.85108  5.49685  4.29923     35 a - - -
          2.68618  4.42225  2.77519  2.73123  3.46354  2.40513  3.72494  3.29354  2.67741  2.69355  4.24690  2.90347  2.73739  3.18146  2.89801  2.37887  2.77519  2.98518  4.58477  3.61503
          0.03078  3.89207  4.61442  0.61958  0.77255  0.48576  0.95510
     31   3.01586  4.83015  3.14441  2.90616  3.29811  3.46376  1.10182  3.72183  2.74866  3.21341  4.25774  3.31476  4.01728  3.27259  3.01328  3.08632  3.31982  3.45656  4.76294  3.24838     36 h - - -
          2.68618  4.42225  2.77519  2.73123  3.46354  2.40513  3.72494  3.29354  2.67741  2.69355  4.24690  2.90347  2.73739  3.18146  2.89801  2.37887  2.77519  2.98518  4.58477  3.61503
          0.03078  3.89207  4.61442  0.61958  0.77255  0.48576  0.95510
     32   2.68894  4.46266  3.36675  3.26853  4.41090  0.69949  4.38780  4.01510  3.45249  3.66682  4.64257  3.53100  3.85443  3.77507  3.68657  2.86138  3.17170  3.53963  5.50107  4.51339     37 g - - -
          2.68618  4.42225  2.77519  2.73123  3.46354  2.40513  3.72494  3.29354  2.67741  2.69355  4.24690  2.90347  2.73739  3.18146  2.89801  2.37887  2.77519  2.98518  4.58477  3.61503
          0.03078  3.89207  4.61442  0.61958  0.77255  0.48576  0.95510
     33   2.82348  4.36046  4.15257  3.81612  3.56420  3.74431  4.61439  2.04877  3.68421  2.24770  3.52619  4.00286  4.30359  4.04251  3.89485  3.24893  3.18446  1.00054  5.35202  4.08493     38 v - - -
          2.68618  4.42225  2.77519  2.73123  3.46354  2.40513  3.72494  3.29354  2.67741  2.69355  4.24690  2.90347  2.73739  3.18146  2.89801  2.37887  2.77519  2.98518  4.58477  3.61503
          0.03078  3.89207  4.61442  0.61958  0.77255  0.48576  0.95510
     34   2.89592  4.88260  2.91549  2.67029  4.05381  3.37874  3.82885  3.68736  2.48967  3.18779  4.21487  3.13028  3.93234  1.19961  2.77356  2.94274  3.19277  3.41574  5.32225  4.01722     39 q - - -
          2.68618  4.42225  2.77519  2.73123  3.46354  2.40513  3.72494  3.29354  2.67741  2.69355  4.24690  2.90347  2.73739  3.18146  2.89801  2.37887  2.77519  2.98518  4.58477  3.61503
          0.03078  3.89207  4.61442  0.61958  0.77255  0.48576  0.95510
     35   0.98588  4.20154  3.48224  3.27422  4.07165  3.02560  4.29398  3.20008  3.29098  3.08081  4.11032  3.41896  3.76665  3.63030  3.54028  2.55159  2.83029  2.85108  5.49685  4.29923     40 a - - -
          2.68618  4.42225  2.77519  2.73123  3.46354  2.40513  3.72494  3.29354  2.67741  2.69355  4.24690  2.90347  2.73739  3.18146  2.89801  2.37887  2.77519  2.98518  4.58477  3.61503
          0.03078  3.89207  4.61442  0.61958  0.77255  0.48576  0.95510
     36   2.89592  4.88260  2.91549  2.67029  4.05381  3.37874  3.82885  3.68736  2.48967  3.18779  4.21487  3.13028  3.93234  1.19961  2.77356  2.94274  3.19277  3.41574  5.32225  4.01722     41 q - - -
          2.68618  4.42225  2.77519  2.73123  3.46354  2.40513  3.72494  3.29354  2.67741  2.69355  4.24690  2.90347  2.73739  3.18146  2.89801  2.37887  2.77519  2.98518  4.58477  3.61503
          0.03078  3.89207  4.61442  0.61958  0.77255  0.48576  0.95510
     37   3.17706  4.63341  4.22102  3.86077  3.14288  4.00715  4.51034  2.34778  3.62833  0.85144  3.15937  4.13436  4.43902  3.99197  3.80127  3.58002  3.47035  2.39024  5.02947  3.75738     42 l - - -
          2.68618  4.42225  2.77519  2.73123  3.46354  2.40513  3.72494  3.29354  2.67741  2.69355  4.24690  2.90347  2.73739  3.18146  2.89801  2.37887  2.77519  2.98518  4.58477  3.61503
          0.03078  3.89207  4.61442  0.61958  0.77255  0.48576  0.95510
     38   2.89592  4.88260  2.91549  2.67029  4.05381  3.37874  3.82885  3.68736  2.48967  3.18779  4.21487  3.13028  3.93234  1.19961  2.77356  2.94274  3.19277  3.41574  5.32225  4.01722     43 q - - -
          2.68618  4.42225  2.77519  2.73123  3.46354  2.40513  3.72494  3.29354  2.67741  2.69355  4.24690  2.90347  2.73739  3.18146  2.89801  2.37887  2.77519  2.98518  4.58477  3.61503
          0.03078  3.89207  4.61442  0.61958  0.77255  0.48576  0.95510
     39   2.32436  4.24513  3.22316  3.03963  4.09568  2.97463  4.14904  3.62084  3.11472  3.33949  4.26380  3.26141  3.71501  3.46246  3.40029  1.06189  2.80592  3.15167  5.46656  4.17926     44 s - - -
          2.68618  4.42225  2.77519  2.73123  3.46354  2.40513  3.72494  3.29354  2.67741  2.69355  4.24690  2.90347  2.73739  3.18146  2.89801  2.37887  2.77519  2.98518  4.58477  3.61503
          0.03078  3.89207  4.61442  0.61958  0.77255  0.48576  0.95510
     40   3.02723  4.86538  3.51984  3.02657  4.22491  3.51172  3.83794  3.76781  2.24455  3.28017  4.27965  3.38491  4.01319  3.05713  0.94887  3.11034  3.29174  3.49087  5.29990  4.14782     45 r - - -
          2.68618  4.42225  2.77519  2.73123  3.46354  2.40513  3.72494  3.29354  2.67741  2.69355  4.24690  2.90347  2.73739  3.18146  2.89801  2.37887  2.77519  2.98518  4.58477  3.61503
          0.03078  3.89207  4.61442  0.61958  0.77255  0.48576  0.95510
     41   3.28304  4.67899  4.26561  3.98367  0.98019  3.96854  3.88554  2.80413  3.89017  2.16959  3.53128  4.04115  4.42656  4.05270  4.00506  3.55207  3.58412  2.79630  4.12851  2.49295     46 f - - -
          2.68618  4.42225  2.77519  2.73123  3.46354  2.40513  3.72494  3.29354  2.67741  2.69355  4.24690  2.90347  2.73739  3.18146  2.89801  2.37887  2.77519  2.98518  4.58477  3.61503
          0.03078  3.89207  4.61442  0.61958  0.77255  0.48576  0.95510
     42   2.98867  4.36678  4.54233  4.05226  3.48398  4.23201  4.80410  1.53993  3.92662  2.02055  3.31874  4.29482  4.59211  4.21880  4.14928  3.61611  3.26589  1.15953  5.40777  4.18623     47 v - - -
          2.68618  4.42225  2.77519  2.73123  3.46354  2.40513  3.72494  3.29354  2.67741  2.69355  4.24690  2.90347  2.73739  3.18146  2.89801  2.37887  2.77519  2.98518  4.58477  3.61503
          0.03078  3.89207  4.61442  0.61958  0.77255  0.48576  0.95510
     43   2.98466  5.05401  3.38818  2.76200  4.47412  3.60024  3.58979  3.83594  1.63259  3.31177  4.19516  3.16177  3.98660  2.73510  1.40911  2.99650  3.16442  3.52921  5.37754  4.20170     48 r - - -
          2.68618  4.42225  2.77519  2.73123  3.46354  2.40513  3.72494  3.29354  2.67741  2.69355  4.24690  2.90347  2.73739  3.18146  2.89801  2.37887  2.77519  2.98518  4.58477  3.61503
          0.03078  3.89207  4.61442  0.61958  0.77255  0.48576  0.95510
     44   3.04632  4.45937  4.36384  3.98023  3.38721  4.08793  4.70458  1.05397  3.80875  1.96904  3.31932  4.22281  4.51710  4.15491  4.00306  3.58497  3.34507  1.84613  5.28222  4.02233     49 i - - -
          2.68618  4.42225  2.77519  2.73123  3.46354  2.40513  3.72494  3.29354  2.67741  2.69355  4.24690  2.90347  2.73739  3.18146  2.89801  2.37887  2.77519  2.98518  4.58477  3.61503
          0.03078  3.89207  4.61442  0.61958  0.77255  0.48576  0.95510
     45   2.89369  5.42261  1.56173  1.53066  4.70870  3.18258  3.72219  4.21303  2.72930  3.73413  4.59279  2.65424  3.80011  2.89103  3.31115  2.78544  3.18172  3.80040  5.89081  4.40389     50 e - - -
          2.68618  4.42225  2.77519  2.73123  3.46354  2.40513  3.72494  3.29354  2.67741  2.69355  4.24690  2.90347  2.73739  3.18146  2.89801  2.37887  2.77519  2.98518  4.58477  3.61503
          0.03078  3.89207  4.61442  0.61958  0.77255  0.48576  0.95510
     46   2.76430  5.17583  1.66304  2.13234  4.57942  2.48758  3.71555  4.08316  2.68793  3.61588  4.44886  2.22132  3.77402  2.88140  3.24308  2.70435  3.06718  3.65691  5.78502  4.33097     51 d - - -
          2.68618  4.42225  2.77519  2.73123  3.46354  2.40513  3.72494  3.29354  2.67741  2.69355  4.24690  2.90347  2.73739  3.18146  2.89801  2.37887  2.77519  2.98518  4.58477  3.61503
          0.03078  3.89207  4.61442  0.61958  0.77255  0.48576  0.95510
     47   2.96879  5.08435  2.49534  0.99783  4.43296  3.28644  3.87468  3.89074  2.75765  3.50461  4.47757  2.94351  3.89189  3.08979  3.16868  2.94907  3.27310  3.57248  5.60083  4.32284     52 e - - -
          2.68618  4.42225  2.77519  2.73123  3.46354  2.40513  3.72494  3.29354  2.67741  2.69355  4.24690  2.90347  2.73739  3.18146  2.89801  2.37887  2.77519  2.98518  4.58477  3.61503
          0.03078  3.89207  4.61442  0.61958  0.77255  0.48576  0.95510
     48   2.55755  4.55019  2.98828  2.64230  3.98616  3.26180  3.79174  3.33844  2.54383  2.99966  3.92167  3.06826  3.81563  2.42380  2.87817  2.66354  1.75352  3.02981  5.31692  4.02811     53 t - - -
          2.68618  4.42225  2.77519  2.73123  3.46354  2.40513  3.72494  3.29354  2.67741  2.69355  4.24690  2.90347  2.73739  3.18146  2.89801  2.37887  2.77519  2.98518  4.58477  3.61503
          0.03078  3.89207  4.61442  0.61958  0.77255  0.48576  0.95510
     49   3.36174  4.66538  4.48847  4.10262  1.19783  4.19768  3.50817  3.02647  3.92669  2.36306  3.61798  3.97319  4.52129  3.97676  3.99615  3.56905  3.59024  2.97042  2.51588  1.98428     54 f - - -
          2.68618  4.42225  2.77519  2.73123  3.46354  2.40513  3.72494  3.29354  2.67741  2.69355  4.24690  2.90347  2.73739  3.18146  2.89801  2.37887  2.77519  2.98518  4.58477  3.61503
          0.03078  3.89207  4.61442  0.61958  0.77255  0.48576  0.95510
     50   2.40565  4.43940  2.83284  2.62287  4.18831  3.04711  3.90191  3.70674  2.79367  3.35214  4.20014  2.36820  3.71630  3.12845  3.17261  1.48653  2.81913  3.24474  5.50532  4.17263     55 s - - -
          2.68618  4.42225  2.77519  2.73123  3.46354  2.40513  3.72494  3.29354  2.67741  2.69355  4.24690  2.90347  2.73739  3.18146  2.89801  2.37887  2.77519  2.98518  4.58477  3.61503
          0.03078  3.89207  4.61442  0.61958  0.77255  0.48576  0.95510
     51   2.63197  4.93886  2.43659  2.33248  4.24818  3.34910  3.57941  3.67668  2.07080  3.22836  4.03094  2.85970  3.77912  2.71352  2.40944  2.62603  2.48050  3.31548  5.41365  4.06389     56 k - - -
          2.68618  4.42225  2.77519  2.73123  3.46354  2.40513  3.72494  3.29354  2.67741  2.69355  4.24690  2.90347  2.73739  3.18146  2.89801  2.37887  2.77519  2.98518  4.58477  3.61503
          0.03078  3.89207  4.61442  0.61958  0.77255  0.48576  0.95510
     52   2.63382  4.66003  2.96415  2.52747  2.85412  3.41134  3.64165  3.27075  2.50091  2.88657  3.77818  2.55861  3.84588  2.20425  2.89670  2.70659  2.87931  2.99632  4.99705  3.58092     57 q - - -
          2.68618  4.42225  2.77519  2.73123  3.46354  2.40513  3.72494  3.29354  2.67741  2.69355  4.24690  2.90347  2.73739  3.18146  2.89801  2.37887  2.77519  2.98518  4.58477  3.61503
          0.03078  3.89207  4.61442  0.61958  0.77255  0.48576  0.95510
     53   2.46324  4.48177  3.12357  2.66115  4.04211  3.22035  3.75782  3.43109  2.49055  3.07420  3.92116  3.06687  3.76503  2.95256  2.34326  1.93437  2.34122  3.06830  5.31802  4.04670     58 s - - -
          2.68618  4.42225  2.77519  2.73123  3.46354  2.40513  3.72494  3.29354  2.67741  2.69355  4.24690  2.90347  2.73739  3.18146  2.89801  2.37887  2.77519  2.98518  4.58477  3.61503
          0.03078  3.89207  4.61442  0.61958  0.77255  0.48576  0.95510
     54   2.99941  4.42914  4.39792  3.90059  3.27625  4.14507  4.61123  1.96061  3.73631  1.41173  3.15164  4.16601  4.50110  4.02835  3.95038  3.52050  3.27046  1.44545  5.19896  3.98142     59 l - - -
          2.68608  4.42236  2.77531  2.73113  3.46365  2.40524  3.72506  3.29327  2.67731  2.69366  4.24701  2.90332  2.73751  3.18124  2.89812  2.37898  2.77508  2.98529  4.58488  3.61462
          0.14264  2.09534  4.61442  1.56237  0.23527  0.48576  0.95510
     55   2.79509  4.98928  3.05649  2.52726  4.24033  3.48521  2.81862  3.72354  2.06392  3.23543  4.07671  3.00185  3.88234  2.06172  2.05044  2.79729  2.99984  3.39507  5.33173  4.03727     68 r - - -
          2.68618  4.42225  2.77519  2.73123  3.46354  2.40513  3.72494  3.29354  2.67741  2.69355  4.24690  2.90347  2.73739  3.18146  2.89801  2.37887  2.77519  2.98518  4.58477  3.61503
          0.03078  3.89207  4.61442  0.61958  0.77255  0.48576  0.95510
     56   2.42295  4.26812  3.44516  3.19785  3.98586  3.10681  4.21372  3.11536  3.14121  2.97817  4.02728  3.40422  3.81204  3.53501  3.39907  2.62441  1.13912  2.80825  5.42193  4.20243     69 t - - -
          2.68618  4.42225  2.77519  2.73123  3.46354  2.40513  3.72494  3.29354  2.67741  2.69355  4.24690  2.90347  2.73739  3.18146  2.89801  2.37887  2.77519  2.98518  4.58477  3.61503
          0.03078  3.89207  4.61442  0.61958  0.77255  0.48576  0.95510
     57   2.68894  4.46266  3.36675  3.26853  4.41090  0.69949  4.38780  4.01510  3.45249  3.66682  4.64257  3.53100  3.85443  3.77507  3.68657  2.86138  3.17170  3.53963  5.50107  4.51339     70 g - - -
          2.68620  4.42131  2.77497  2.73124  3.46376  2.40519  3.72517  3.29339  2.67763  2.69336  4.24614  2.90369  2.73740  3.18101  2.89772  2.37909  2.77519  2.98541  4.58499  3.61525
          0.14264  2.09534  4.61442  2.14745  0.12418  0.48576  0.95510
     58   2.89464  5.42411  1.54732  1.54255  4.71008  3.18216  3.72272  4.21466  2.73093  3.73574  4.59477  2.65379  3.80024  2.89174  3.31339  2.78608  3.18289  3.80192  5.89240  4.40500     87 e - - -
          2.68618  4.42225  2.77519  2.73123  3.46354  2.40513  3.72494  3.29354  2.67741  2.69355  4.24690  2.90347  2.73739  3.18146  2.89801  2.37887  2.77519  2.98518  4.58477  3.61503
          0.03078  3.89207  4.61442  0.61958  0.77255  0.48576  0.95510
     59   2.59347  4.47053  3.15109  2.34458  3.70490  3.44875  3.78400  2.41052  2.64985  2.67060  3.61398  3.14255  3.88877  3.02202  3.02759  2.74778  2.18904  2.58355  5.12844  3.85865     88 t - - -
          2.68618  4.42225  2.77519  2.73123  3.46354  2.40513  3.72494  3.29354  2.67741  2.69355  4.24690  2.90347  2.73739  3.18146  2.89801  2.37887  2.77519  2.98518  4.58477  3.61503
          0.03078  3.89207  4.61442  0.61958  0.77255  0.48576  0.95510
     60   3.17706  4.63341  4.22102  3.86077  3.14288  4.00715  4.51034  2.34778  3.62833  0.85144  3.15937  4.13436  4.43902  3.99197  3.80127  3.58002  3.47035  2.39024  5.02947  3.75738     89 l - - -
          2.68618  4.42225  2.77519  2.73123  3.46354  2.40513  3.72494  3.29354  2.67741  2.69355  4.24690  2.90347  2.73739  3.18146  2.89801  2.37887  2.77519  2.98518  4.58477  3.61503
          0.03078  3.89207  4.61442  0.61958  0.77255  0.48576  0.95510
     61   2.51637  4.20425  3.63135  3.10490  3.49778  3.47099  3.98894  2.13782  3.02736  2.46250  3.43913  3.42651  3.94995  3.34028  3.34139  2.38298  2.39693  2.00817  5.01026  3.78447     90 v - - -
          2.68618  4.42225  2.77519  2.73123  3.46354  2.40513  3.72494  3.29354  2.67741  2.69355  4.24690  2.90347  2.73739  3.18146  2.89801  2.37887  2.77519  2.98518  4.58477  3.61503
          0.03078  3.89207  4.61442  0.61958  0.77255  0.48576  0.95510
     62   2.95882  4.39752  4.36450  3.88449  3.36383  4.09592  4.61997  1.91016  3.71960  1.70107  3.25627  4.14029  4.48530  4.03802  3.94297  3.48329  3.24227  1.23543  5.25426  4.00726     91 v - - -
          2.68618  4.42225  2.77519  2.73123  3.46354  2.40513  3.72494  3.29354  2.67741  2.69355  4.24690  2.90347  2.73739  3.18146  2.89801  2.37887  2.77519  2.98518  4.58477  3.61503
          0.03078  3.89207  4.61442  0.61958  0.77255  0.48576  0.95510
     63   2.48205  4.53334  2.93827  2.56464  4.06872  3.20407  3.75708  3.47255  2.55492  3.11029  3.95781  3.00381  3.75856  2.45953  2.93690  1.91892  2.32837  3.10708  5.35797  4.06168     92 s - - -
          2.68618  4.42225  2.77519  2.73123  3.46354  2.40513  3.72494  3.29354  2.67741  2.69355  4.24690  2.90347  2.73739  3.18146  2.89801  2.37887  2.77519  2.98518  4.58477  3.61503
          0.03078  3.89207  4.61442  0.61958  0.77255  0.48576  0.95510
     64   2.68894  4.46266  3.36675  3.26853  4.41090  0.69949  4.38780  4.01510  3.45249  3.66682  4.64257  3.53100  3.85443  3.77507  3.68657  2.86138  3.17170  3.53963  5.50107  4.51339     93 g - - -
          2.68618  4.42225  2.77519  2.73123  3.46354  2.40513  3.72494  3.29354  2.67741  2.69355  4.24690  2.90347  2.73739  3.18146  2.89801  2.37887  2.77519  2.98518  4.58477  3.61503
          0.03078  3.89207  4.61442  0.61958  0.77255  0.48576  0.95510
     65   2.75509  4.94848  3.08971  2.52451  4.29035  3.47648  3.56974  3.67773  1.85821  3.20677  4.03834  2.99978  3.86651  2.34036  2.07631  2.76493  2.53112  3.34745  5.35676  4.09176     94 k - - -
          2.68618  4.42225  2.77519  2.73123  3.46354  2.40513  3.72494  3.29354  2.67741  2.69355  4.24690  2.90347  2.73739  3.18146  2.89801  2.37887  2.77519  2.98518  4.58477  3.61503
          0.03078  3.89207  4.61442  0.61958  0.77255  0.48576  0.95510
     66   3.20527  4.59269  4.51192  4.01686  2.22964  4.29451  4.33979  2.26948  3.87469  1.05386  2.95571  4.23334  4.56258  4.03686  4.03158  3.65950  3.44156  2.35941  4.66002  3.23676     95 l - - -
          2.68618  4.42225  2.77519  2.73123  3.46354  2.40513  3.72494  3.29354  2.67741  2.69355  4.24690  2.90347  2.73739  3.18146  2.89801  2.37887  2.77519  2.98518  4.58477  3.61503
          0.03078  3.89207  4.61442  0.61958  0.77255  0.48576  0.95510
     67   2.67442  4.42436  3.43612  2.98081  3.66500  3.53366  3.93893  2.57284  2.27465  2.56727  3.60664  3.35989  4.00463  3.21554  2.99550  2.89911  2.95629  1.59659  5.15458  3.89904     96 v - - -
          2.68618  4.42225  2.77519  2.73123  3.46354  2.40513  3.72494  3.29354  2.67741  2.69355  4.24690  2.90347  2.73739  3.18146  2.89801  2.37887  2.77519  2.98518  4.58477  3.61503
          0.03078  3.89207  4.61442  0.61958  0.77255  0.48576  0.95510
     68   2.32436  4.24513  3.22316  3.03963  4.09568  2.97463  4.14904  3.62084  3.11472  3.33949  4.26380  3.26141  3.71501  3.46246  3.40029  1.06189  2.80592  3.15167  5.46656  4.17926     97 s - - -
          2.68618  4.42225  2.77519  2.73123  3.46354  2.40513  3.72494  3.29354  2.67741  2.69355  4.24690  2.90347  2.73739  3.18146  2.89801  2.37887  2.77519  2.98518  4.58477  3.61503
          0.03078  3.89207  4.61442  0.61958  0.77255  0.48576  0.95510
     69   2.82601  4.57529  3.43322  2.99038  3.36324  3.65685  3.91224  2.74871  2.71341  1.48704  3.39045  3.39469  4.07579  2.51684  2.98779  3.02084  3.07517  2.67520  4.98858  3.68419     98 l - - -
          2.68618  4.42225  2.77519  2.73123  3.46354  2.40513  3.72494  3.29354  2.67741  2.69355  4.24690  2.90347  2.73739  3.18146  2.89801  2.37887  2.77519  2.98518  4.58477  3.61503
          0.03078  3.89207  4.61442  0.61958  0.77255  0.48576  0.95510
     70   2.82348  4.36046  4.15257  3.81612  3.56420  3.74431  4.61439  2.04877  3.68421  2.24770  3.52619  4.00286  4.30359  4.04251  3.89485  3.24893  3.18446  1.00054  5.35202  4.08493     99 v - - -
          2.68618  4.42225  2.77519  2.73123  3.46354  2.40513  3.72494  3.29354  2.67741  2.69355  4.24690  2.90347  2.73739  3.18146  2.89801  2.37887  2.77519  2.98518  4.58477  3.61503
          0.03078  3.89207  4.61442  0.61958  0.77255  0.48576  0.95510
     71   2.80817  5.12344  2.33692  1.90106  4.44994  3.22847  3.71697  3.94100  2.57974  3.51066  4.37539  1.63667  3.81400  2.89418  3.03261  2.76463  3.09770  3.56502  5.65845  4.25111    100 n - - -
          2.68618  4.42225  2.77519  2.73123  3.46354  2.40513  3.72494  3.29354  2.67741  2.69355  4.24690  2.90347  2.73739  3.18146  2.89801  2.37887  2.77519  2.98518  4.58477  3.61503
          0.03078  3.89207  4.61442  0.61958  0.77255  0.48576  0.95510
     72   2.98466  5.05401  3.38818  2.76200  4.47412  3.60024  3.58979  3.83594  1.63259  3.31177  4.19516  3.16177  3.98660  2.73510  1.40911  2.99650  3.16442  3.52921  5.37754  4.20170    101 r - - -
          2.68618  4.42225  2.77519  2.73123  3.46354  2.40513  3.72494  3.29354  2.67741  2.69355  4.24690  2.90347  2.73739  3.18146  2.89801  2.37887  2.77519  2.98518  4.58477  3.61503
          0.03078  3.89207  4.61442  0.61958  0.77255  0.48576  0.95510
     73   3.01036  5.14212  0.89035  2.34666  4.52169  3.22525  3.94788  4.11426  3.03564  3.71901  4.69737  2.90409  3.87940  3.18693  3.55466  2.97037  3.34928  3.75129  5.68651  4.39112    102 d - - -
          2.68618  4.42225  2.77519  2.73123  3.46354  2.40513  3.72494  3.29354  2.67741  2.69355  4.24690  2.90347  2.73739  3.18146  2.89801  2.37887  2.77519  2.98518  4.58477  3.61503
          0.03078  3.89207  4.61442  0.61958  0.77255  0.48576  0.95510
     74   3.17706  4.63341  4.22102  3.86077  3.14288  4.00715  4.51034  2.34778  3.62833  0.85144  3.15937  4.13436  4.43902  3.99197  3.80127  3.58002  3.47035  2.39024  5.02947  3.75738    103 l - - -
          2.68618  4.42225  2.77519  2.73123  3.46354  2.40513  3.72494  3.29354  2.67741  2.69355  4.24690  2.90347  2.73739  3.18146  2.89801  2.37887  2.77519  2.98518  4.58477  3.61503
          0.03078  3.89207  4.61442  0.61958  0.77255  0.48576  0.95510
     75   3.02723  4.86538  3.51984  3.02657  4.22491  3.51172  3.83794  3.76781  2.24455  3.28017  4.27965  3.38491  4.01319  3.05713  0.94887  3.11034  3.29174  3.49087  5.29990  4.14782    104 r - - -
          2.68618  4.42225  2.77519  2.73123  3.46354  2.40513  3.72494  3.29354  2.67741  2.69355  4.24690  2.90347  2.73739  3.18146  2.89801  2.37887  2.77519  2.98518  4.58477  3.61503
          0.03078  3.89207  4.61442  0.61958  0.77255  0.48576  0.95510
     76   1.75978  4.16298  3.22999  3.03196  4.26986  1.45881  4.17609  3.62435  3.16642  3.37008  4.23596  3.22955  3.66031  3.45793  3.47292  2.40093  2.71666  3.11229  5.60499  4.39652    105 g - - -
          2.68618  4.42225  2.77519  2.73123  3.46354  2.40513  3.72494  3.29354  2.67741  2.69355  4.24690  2.90347  2.73739  3.18146  2.89801  2.37887  2.77519  2.98518  4.58477  3.61503
          0.03078  3.89207  4.61442  0.61958  0.77255  0.48576  0.95510
     77   3.36777  4.73557  4.12089  3.83168  2.68582  3.75190  3.92352  3.39201  3.55338  2.78360  4.02493  3.97673  4.27122  3.93998  3.67835  3.57130  3.66912  3.28289  0.84668  2.68686    106 w - - -
          2.68618  4.42225  2.77519  2.73123  3.46354  2.40513  3.72494  3.29354  2.67741  2.69355  4.24690  2.90347  2.73739  3.18146  2.89801  2.37887  2.77519  2.98518  4.58477  3.61503
          0.03078  3.89207  4.61442  0.61958  0.77255  0.48576  0.95510
     78   2.85750  4.31912  4.14483  3.59541  2.95541  3.95817  4.11655  1.74376  3.44783  1.69063  3.12507  3.85270  4.28501  3.70477  3.66174  3.26368  3.09038  2.17256  4.67725  2.64087    107 l - - -
          2.68618  4.42225  2.77519  2.73123  3.46354  2.40513  3.72494  3.29354  2.67741  2.69355  4.24690  2.90347  2.73739  3.18146  2.89801  2.37887  2.77519  2.98518  4.58477  3.61503
          0.03078  3.89207  4.61442  0.61958  0.77255  0.48576  0.95510
     79   2.22719  4.16855  3.28346  2.99737  4.14556  2.94580  4.08800  3.49092  3.01894  3.23750  4.10579  3.21284  3.66830  3.35481  3.33224  1.40049  2.12420  3.02551  5.50841  4.26409    108 s - - -
          2.68618  4.42225  2.77519  2.73123  3.46354  2.40513  3.72494  3.29354  2.67741  2.69355  4.24690  2.90347  2.73739  3.18146  2.89801  2.37887  2.77519  2.98518  4.58477  3.61503
          0.03078  3.89207  4.61442  0.61958  0.77255  0.48576  0.95510
     80   3.08524  4.44211  4.60419  4.06304  3.24929  4.35092  4.74201  1.67094  3.93541  1.33215  3.06440  4.33702  4.61530  4.15692  4.13131  3.69828  3.32823  1.61344  5.23444  4.08402    109 l - - -
          2.68618  4.42225  2.77519  2.73123  3.46354  2.40513  3.72494  3.29354  2.67741  2.69355  4.24690  2.90347  2.73739  3.18146  2.89801  2.37887  2.77519  2.98518  4.58477  3.61503
          0.03078  3.89207  4.61442  0.61958  0.77255  0.48576  0.95510
     81   3.37923  4.70604  4.37935  4.01127  1.19572  4.19506  3.48222  3.05974  3.87375  2.42479  3.68094  3.92636  4.52325  3.93676  3.97445  3.55607  3.60983  2.99235  3.66547  1.62794    110 f - - -
          2.68618  4.42225  2.77519  2.73123  3.46354  2.40513  3.72494  3.29354  2.67741  2.69355  4.24690  2.90347  2.73739  3.18146  2.89801  2.37887  2.77519  2.98518  4.58477  3.61503
          0.03078  3.89207  4.61442  0.61958  0.77255  0.48576  0.95510
     82   2.38799  4.45307  2.80211  2.56688  4.27840  2.38550  3.87511  3.74081  2.77760  3.35989  4.18326  2.32405  3.69778  3.07798  3.19242  1.77731  2.79207  3.26386  5.56095  4.24990    111 s - - -
          2.68618  4.42225  2.77519  2.73123  3.46354  2.40513  3.72494  3.29354  2.67741  2.69355  4.24690  2.90347  2.73739  3.18146  2.89801  2.37887  2.77519  2.98518  4.58477  3.61503
          0.03078  3.89207  4.61442  0.61958  0.77255  0.48576  0.95510
     83   2.88023  5.37475  1.82846  1.35441  4.66507  3.19223  3.72029  4.15949  2.70740  3.69189  4.55060  2.67140  3.80185  2.88920  3.27160  2.78159  3.16620  3.75588  5.84938  4.37936    112 e - - -
          2.68618  4.42225  2.77519  2.73123  3.46354  2.40513  3.72494  3.29354  2.67741  2.69355  4.24690  2.90347  2.73739  3.18146  2.89801  2.37887  2.77519  2.98518  4.58477  3.61503
          0.03078  3.89207  4.61442  0.61958  0.77255  0.48576  0.95510
     84   2.32436  4.24513  3.22316  3.03963  4.09568  2.97463  4.14904  3.62084  3.11472  3.33949  4.26380  3.26141  3.71501  3.46246  3.40029  1.06189  2.80592  3.15167  5.46656  4.17926    113 s - - -
          2.68618  4.42225  2.77519  2.73123  3.46354  2.40513  3.72494  3.29354  2.67741  2.69355  4.24690  2.90347  2.73739  3.18146  2.89801  2.37887  2.77519  2.98518  4.58477  3.61503
          0.03078  3.89207  4.61442  0.61958  0.77255  0.48576  0.95510
     85   2.53777  4.62835  2.77855  2.12533  4.10063  3.22613  3.73517  3.47287  2.57287  3.13092  3.97886  2.94084  3.76937  2.92314  2.99035  2.22586  2.06894  3.12281  5.39022  4.07559    114 t - - -
          2.68618  4.42225  2.77519  2.73123  3.46354  2.40513  3.72494  3.29354  2.67741  2.69355  4.24690  2.90347  2.73739  3.18146  2.89801  2.37887  2.77519  2.98518  4.58477  3.61503
          0.03078  3.89207  4.61442  0.61958  0.77255  0.48576  0.95510
     86   2.73937  4.73690  2.71865  2.60600  4.10345  3.19687  3.93633  3.81786  2.84155  3.46245  4.41743  1.12382  3.84960  3.20896  3.19701  2.80571  3.12178  3.43809  5.40709  4.05026    115 n - - -
          2.68618  4.42225  2.77519  2.73123  3.46354  2.40513  3.72494  3.29354  2.67741  2.69355  4.24690  2.90347  2.73739  3.18146  2.89801  2.37887  2.77519  2.98518  4.58477  3.61503
          0.03078  3.89207  4.61442  0.61958  0.77255  0.48576  0.95510
     87   0.98588  4.20154  3.48224  3.27422  4.07165  3.02560  4.29398  3.20008  3.29098  3.08081  4.11032  3.41896  3.76665  3.63030  3.54028  2.55159  2.83029  2.85108  5.49685  4.29923    116 a - - -
          2.68618  4.42225  2.77519  2.73123  3.46354  2.40513  3.72494  3.29354  2.67741  2.69355  4.24690  2.90347  2.73739  3.18146  2.89801  2.37887  2.77519  2.98518  4.58477  3.61503
          0.03078  3.89207  4.61442  0.61958  0.77255  0.48576  0.95510
     88   2.68894  4.46266  3.36675  3.26853  4.41090  0.69949  4.38780  4.01510  3.45249  3.66682  4.64257  3.53100  3.85443  3.77507  3.68657  2.86138  3.17170  3.53963  5.50107  4.51339    117 g - - -
          2.68618  4.42225  2.77519  2.73123  3.46354  2.40513  3.72494  3.29354  2.67741  2.69355  4.24690  2.90347  2.73739  3.18146  2.89801  2.37887  2.77519  2.98518  4.58477  3.61503
          0.03078  3.89207  4.61442  0.61958  0.77255  0.48576  0.95510
     89   2.73937  4.73690  2.71865  2.60600  4.10345  3.19687  3.93633  3.81786  2.84155  3.46245  4.41743  1.12382  3.84960  3.20896  3.19701  2.80571  3.12178  3.43809  5.40709  4.05026    118 n - - -
          2.68618  4.42225  2.77519  2.73123  3.46354  2.40513  3.72494  3.29354  2.67741  2.69355  4.24690  2.90347  2.73739  3.18146  2.89801  2.37887  2.77519  2.98518  4.58477  3.61503
          0.03078  3.89207  4.61442  0.61958  0.77255  0.48576  0.95510
     90   3.02723  4.86538  3.51984  3.02657  4.22491  3.51172  3.83794  3.76781  2.24455  3.28017  4.27965  3.38491  4.01319  3.05713  0.94887  3.11034  3.29174  3.49087  5.29990  4.14782    119 r - - -
          2.68618  4.42225  2.77519  2.73123  3.46354  2.40513  3.72494  3.29354  2.67741  2.69355  4.24690  2.90347  2.73739  3.18146  2.89801  2.37887  2.77519  2.98518  4.58477  3.61503
          0.03078  3.89207  4.61442  0.61958  0.77255  0.48576  0.95510
     91   3.36777  4.73557  4.12089  3.83168  2.68582  3.75190  3.92352  3.39201  3.55338  2.78360  4.02493  3.97673  4.27122  3.93998  3.67835  3.57130  3.66912  3.28289  0.84668  2.68686    120 w - - -
          2.68618  4.42225  2.77519  2.73123  3.46354  2.40513  3.72494  3.29354  2.67741  2.69355  4.24690  2.90347  2.73739  3.18146  2.89801  2.37887  2.77519  2.98518  4.58477  3.61503
          0.03078  3.89207  4.61442  0.61958  0.77255  0.48576  0.95510
     92   2.96879  5.08435  2.49534  0.99783  4.43296  3.28644  3.87468  3.89074  2.75765  3.50461  4.47757  2.94351  3.89189  3.08979  3.16868  2.94907  3.27310  3.57248  5.60083  4.32284    121 e - - -
          2.68618  4.42225  2.77519  2.73123  3.46354  2.40513  3.72494  3.29354  2.67741  2.69355  4.24690  2.90347  2.73739  3.18146  2.89801  2.37887  2.77519  2.98518  4.58477  3.61503
          0.03078  3.89207  4.61442  0.61958  0.77255  0.48576  0.95510
     93   3.02361  4.41180  4.50075  3.94046  2.03560  4.19622  4.40662  1.88613  3.81872  1.57035  2.41281  4.16815  4.46178  3.97177  3.97373  3.51665  3.25108  2.20161  4.82973  3.57588    122 l - - -
          2.68618  4.42225  2.77519  2.73123  3.46354  2.40513  3.72494  3.29354  2.67741  2.69355  4.24690  2.90347  2.73739  3.18146  2.89801  2.37887  2.77519  2.98518  4.58477  3.61503
          0.03078  3.89207  4.61442  0.61958  0.77255  0.48576  0.95510
     94   3.08407  4.43747  4.61305  4.07217  3.25808  4.35599  4.75051  1.63798  3.94612  1.35792  3.07220  4.34423  4.61988  4.16719  4.14145  3.70383  3.32714  1.60186  5.24211  4.09121    123 l - - -
          2.68618  4.42225  2.77519  2.73123  3.46354  2.40513  3.72494  3.29354  2.67741  2.69355  4.24690  2.90347  2.73739  3.18146  2.89801  2.37887  2.77519  2.98518  4.58477  3.61503
          0.03078  3.89207  4.61442  0.61958  0.77255  0.48576  0.95510
     95   1.77997  4.23476  3.39210  2.95906  3.72691  3.20648  3.95312  2.93767  2.89878  2.25836  3.69158  3.26427  3.79896  3.24641  3.22591  2.19384  2.75694  2.65401  5.17374  3.92132    124 a - - -
          2.68618  4.42225  2.77519  2.73123  3.46354  2.40513  3.72494  3.29354  2.67741  2.69355  4.24690  2.90347  2.73739  3.18146  2.89801  2.37887  2.77519  2.98518  4.58477  3.61503
          0.03078  3.89207  4.61442  0.61958  0.77255  0.48576  0.95510
     96   3.02723  4.86538  3.51984  3.02657  4.22491  3.51172  3.83794  3.76781  2.24455  3.28017  4.27965  3.38491  4.01319  3.05713  0.94887  3.11034  3.29174  3.49087  5.29990  4.14782    125 r - - -
          2.68618  4.42225  2.77519  2.73123  3.46354  2.40513  3.72494  3.29354  2.67741  2.69355  4.24690  2.90347  2.73739  3.18146  2.89801  2.37887  2.77519  2.98518  4.58477  3.61503
          0.03078  3.89207  4.61442  0.61958  0.77255  0.48576  0.95510
     97   2.90976  5.42847  1.35232  1.73780  4.71527  3.17741  3.73593  4.22004  2.76052  3.74910  4.61816  2.65377  3.80462  2.90976  3.34773  2.79984  3.20274  3.81059  5.90490  4.41712    126 d - - -
          2.68618  4.42225  2.77519  2.73123  3.46354  2.40513  3.72494  3.29354  2.67741  2.69355  4.24690  2.90347  2.73739  3.18146  2.89801  2.37887  2.77519  2.98518  4.58477  3.61503
          0.03078  3.89207  4.61442  0.61958  0.77255  0.48576  0.95510
     98   2.77699  4.53131  3.38624  3.22794  4.22180  3.21771  4.30395  3.77204  3.28687  3.39684  4.44739  3.53277  0.79199  3.67506  3.53036  2.94505  3.22005  3.41521  5.40319  4.34267    127 p - - -
          2.68618  4.42225  2.77519  2.73123  3.46354  2.40513  3.72494  3.29354  2.67741  2.69355  4.24690  2.90347  2.73739  3.18146  2.89801  2.37887  2.77519  2.98518  4.58477  3.61503
          0.03078  3.89207  4.61442  0.61958  0.77255  0.48576  0.95510
     99   2.77699  4.53131  3.38624  3.22794  4.22180  3.21771  4.30395  3.77204  3.28687  3.39684  4.44739  3.53277  0.79199  3.67506  3.53036  2.94505  3.22005  3.41521  5.40319  4.34267    128 p - - -
          2.68618  4.42225  2.77519  2.73123  3.46354  2.40513  3.72494  3.29354  2.67741  2.69355  4.24690  2.90347  2.73739  3.18146  2.89801  2.37887  2.77519  2.98518  4.58477  3.61503
          0.03078  3.89207  4.61442  0.61958  0.77255  0.48576  0.95510
    100   2.68894  4.46266  3.36675  3.26853  4.41090  0.69949  4.38780  4.01510  3.45249  3.66682  4.64257  3.53100  3.85443  3.77507  3.68657  2.86138  3.17170  3.53963  5.50107  4.51339    129 g - - -
          2.68618  4.42225  2.77519  2.73123  3.46354  2.40513  3.72494  3.29354  2.67741  2.69355  4.24690  2.90347  2.73739  3.18146  2.89801  2.37887  2.77519  2.98518  4.58477  3.61503
          0.03078  3.89207  4.61442  0.61958  0.77255  0.48576  0.95510
    101   2.73937  4.73690  2.71865  2.60600  4.10345  3.19687  3.93633  3.81786  2.84155  3.46245  4.41743  1.12382  3.84960  3.20896  3.19701  2.80571  3.12178  3.43809  5.40709  4.05026    130 n - - -
          2.68618  4.42225  2.77519  2.73123  3.46354  2.40513  3.72494  3.29354  2.67741  2.69355  4.24690  2.90347  2.73739  3.18146  2.89801  2.37887  2.77519  2.98518  4.58477  3.61503
          0.03078  3.89207  4.61442  0.61958  0.77255  0.48576  0.95510
    102   2.98591  4.36668  4.53524  4.04612  3.48420  4.22495  4.79926  1.55356  3.91965  2.02268  3.32047  4.28870  4.58779  4.21336  4.14295  3.60955  3.26400  1.15304  5.40630  4.18342    131 v - - -
          2.68618  4.42225  2.77519  2.73123  3.46354  2.40513  3.72494  3.29354  2.67741  2.69355  4.24690  2.90347  2.73739  3.18146  2.89801  2.37887  2.77519  2.98518  4.58477  3.61503
          0.03078  3.89207  4.61442  0.61958  0.77255  0.48576  0.95510
    103   3.09335  4.48790  4.44837  3.96119  1.62676  4.17724  4.18718  1.90395  3.83160  1.74244  3.09466  4.12616  4.49003  3.99723  3.98886  3.53368  3.33959  2.24289  4.51962  3.02433    132 f - - -
          2.68618  4.42225  2.77519  2.73123  3.46354  2.40513  3.72494  3.29354  2.67741  2.69355  4.24690  2.90347  2.73739  3.18146  2.89801  2.37887  2.77519  2.98518  4.58477  3.61503
          0.03078  3.89207  4.61442  0.61958  0.77255  0.48576  0.95510
    104   2.68687  4.92282  1.51120  2.26636  4.38245  3.17835  3.77048  3.74835  2.72231  3.42109  4.29991  2.80160  3.78348  2.95299  3.22825  2.68691  2.38149  3.37767  5.65489  4.25597    133 d - - -
          2.68618  4.42225  2.77519  2.73123  3.46354  2.40513  3.72494  3.29354  2.67741  2.69355  4.24690  2.90347  2.73739  3.18146  2.89801  2.37887  2.77519  2.98518  4.58477  3.61503
          0.03078  3.89207  4.61442  0.61958  0.77255  0.48576  0.95510
    105   3.04632  4.45937  4.36384  3.98023  3.38721  4.08793  4.70458  1.05397  3.80875  1.96904  3.31932  4.22281  4.51710  4.15491  4.00306  3.58497  3.34507  1.84613  5.28222  4.02233    134 i - - -
          2.68618  4.42225  2.77519  2.73123  3.46354  2.40513  3.72494  3.29354  2.67741  2.69355  4.24690  2.90347  2.73739  3.18146  2.89801  2.37887  2.77519  2.98518  4.58477  3.61503
          0.03078  3.89207  4.61442  0.61958  0.77255  0.48576  0.95510
    106   2.64055  4.63124  3.11504  2.71262  4.10872  3.30154  3.78722  3.56032  2.43525  3.15652  4.05352  3.12711  1.77641  2.99162  2.16776  2.73274  2.95651  3.22155  5.33105  4.08400    135 p - - -
          2.68618  4.42225  2.77519  2.73123  3.46354  2.40513  3.72494  3.29354  2.67741  2.69355  4.24690  2.90347  2.73739  3.18146  2.89801  2.37887  2.77519  2.98518  4.58477  3.61503
          0.03078  3.89207  4.61442  0.61958  0.77255  0.48576  0.95510
    107   1.58527  4.19946  3.20680  2.89346  4.16806  2.32307  4.02755  3.55962  2.97192  3.24582  4.08138  3.15900  2.55442  3.27342  3.32589  2.39590  2.68548  3.07825  5.50096  4.26443    136 a - - -
          2.68618  4.42225  2.77519  2.73123  3.46354  2.40513  3.72494  3.29354  2.67741  2.69355  4.24690  2.90347  2.73739  3.18146  2.89801  2.37887  2.77519  2.98518  4.58477  3.61503
          0.03078  3.89207  4.61442  0.61958  0.77255  0.48576  0.95510
    108   2.51223  4.58735  2.66122  2.50716  4.32024  1.87938  3.88542  3.83928  2.79795  3.45685  4.30758  1.87964  3.74252  3.10045  3.20843  2.58904  2.90992  3.37639  5.58662  4.25930    137 g - - -
          2.68618  4.42225  2.77519  2.73123  3.46354  2.40513  3.72494  3.29354  2.67741  2.69355  4.24690  2.90347  2.73739  3.18146  2.89801  2.37887  2.77519  2.98518  4.58477  3.61503
          0.03078  3.89207  4.61442  0.61958  0.77255  0.48576  0.95510
    109   2.10505  4.52612  2.88333  2.53013  4.12565  2.52533  3.76575  3.54358  2.60565  3.16789  3.99725  2.97483  3.73342  2.43366  3.01858  2.18442  2.79269  3.15016  5.40727  4.10422    138 a - - -
          2.68618  4.42225  2.77519  2.73123  3.46354  2.40513  3.72494  3.29354  2.67741  2.69355  4.24690  2.90347  2.73739  3.18146  2.89801  2.37887  2.77519  2.98518  4.58477  3.61503
          0.03078  3.89207  4.61442  0.61958  0.77255  0.48576  0.95510
    110   2.57825  4.44485  3.15075  2.32365  3.73959  3.41825  3.82776  2.77435  2.70578  2.69877  3.64641  3.16202  3.88946  3.07047  3.08042  2.74305  2.43289  1.98347  5.17061  3.90303    139 v - - -
          2.68618  4.42225  2.77519  2.73123  3.46354  2.40513  3.72494  3.29354  2.67741  2.69355  4.24690  2.90347  2.73739  3.18146  2.89801  2.37887  2.77519  2.98518  4.58477  3.61503
          0.03078  3.89207  4.61442  0.61958  0.77255  0.48576  0.95510
    111   2.82348  4.36046  4.15257  3.81612  3.56420  3.74431  4.61439  2.04877  3.68421  2.24770  3.52619  4.00286  4.30359  4.04251  3.89485  3.24893  3.18446  1.00054  5.35202  4.08493    140 v - - -
          2.68618  4.42225  2.77519  2.73123  3.46354  2.40513  3.72494  3.29354  2.67741  2.69355  4.24690  2.90347  2.73739  3.18146  2.89801  2.37887  2.77519  2.98518  4.58477  3.61503
          0.03078  3.89207  4.61442  0.61958  0.77255  0.48576  0.95510
    112   2.72672  4.97221  1.69521  2.27184  4.41959  3.19171  3.77133  3.90402  2.72020  3.48968  4.35042  2.81240  2.10307  2.95421  3.22563  2.71493  3.04363  3.50894  5.64168  4.26727    141 d - - -
          2.68618  4.42225  2.77519  2.73123  3.46354  2.40513  3.72494  3.29354  2.67741  2.69355  4.24690  2.90347  2.73739  3.18146  2.89801  2.37887  2.77519  2.98518  4.58477  3.61503
          0.03078  3.89207  4.61442  0.61958  0.77255  0.48576  0.95510
    113   3.27510  4.75616  3.86701  3.59991  2.29344  3.85284  3.62725  3.28155  3.45686  2.73047  3.95450  3.74737  4.32615  3.75821  3.63663  3.40991  3.56183  3.15300  3.93801  0.93381    142 y - - -
          2.68618  4.42225  2.77519  2.73123  3.46354  2.40513  3.72494  3.29354  2.67741  2.69355  4.24690  2.90347  2.73739  3.18146  2.89801  2.37887  2.77519  2.98518  4.58477  3.61503
          0.03078  3.89207  4.61442  0.61958  0.77255  0.48576  0.95510
    114   2.74140  4.95555  2.87129  2.45038  4.31636  3.39803  3.60540  3.73146  1.71376  3.26714  4.10195  2.94292  3.84504  2.36214  2.49658  2.33733  2.97493  3.38535  5.41806  4.12246    143 k - - -
          2.68618  4.42225  2.77519  2.73123  3.46354  2.40513  3.72494  3.29354  2.67741  2.69355  4.24690  2.90347  2.73739  3.18146  2.89801  2.37887  2.77519  2.98518  4.58477  3.61503
          0.03078  3.89207  4.61442  0.61958  0.77255  0.48576  0.95510
    115   3.16763  4.54484  4.57011  4.05236  3.11936  4.35828  4.69369  1.74385  3.86461  1.08887  2.97431  4.33554  4.62041  4.11157  4.04662  3.72776  3.41111  2.03219  5.13916  3.95631    144 l - - -
          2.68618  4.42225  2.77519  2.73123  3.46354  2.40513  3.72494  3.29354  2.67741  2.69355  4.24690  2.90347  2.73739  3.18146  2.89801  2.37887  2.77519  2.98518  4.58477  3.61503
          0.03078  3.89207  4.61442  0.61958  0.77255  0.48576  0.95510
    116   2.19932  2.69868  3.70139  3.26325  3.83083  3.00186  4.12554  3.10566  3.17359  2.90619  3.79045  3.36687  3.69621  3.46956  3.44459  2.01799  1.80305  2.73446  5.26157  4.06169    145 t - - -
          2.68618  4.42225  2.77519  2.73123  3.46354  2.40513  3.72494  3.29354  2.67741  2.69355  4.24690  2.90347  2.73739  3.18146  2.89801  2.37887  2.77519  2.98518  4.58477  3.61503
          0.03078  3.89207  4.61442  0.61958  0.77255  0.48576  0.95510
    117   2.34319  4.27379  4.20214  3.69314  3.52618  3.91453  4.49391  1.67957  3.59593  2.20079  3.38337  3.95490  4.33998  3.89200  3.85537  3.27018  3.07821  1.38192  5.28000  4.06784    146 v - - -
          2.68618  4.42225  2.77519  2.73123  3.46354  2.40513  3.72494  3.29354  2.67741  2.69355  4.24690  2.90347  2.73739  3.18146  2.89801  2.37887  2.77519  2.98518  4.58477  3.61503
          0.03078  3.89207  4.61442  0.61958  0.77255  0.48576  0.95510
    118   2.69369  4.80420  2.93531  2.55505  4.27355  3.33499  3.68100  3.68432  1.51812  3.26763  4.12817  3.00857  3.84406  2.84879  2.54515  2.24633  2.97573  3.32955  5.41814  4.13552    147 k - - -
          2.68618  4.42225  2.77519  2.73123  3.46354  2.40513  3.72494  3.29354  2.67741  2.69355  4.24690  2.90347  2.73739  3.18146  2.89801  2.37887  2.77519  2.98518  4.58477  3.61503
          0.03078  3.89207  4.61442  0.61958  0.77255  0.48576  0.95510
    119   0.98588  4.20154  3.48224  3.27422  4.07165  3.02560  4.29398  3.20008  3.29098  3.08081  4.11032  3.41896  3.76665  3.63030  3.54028  2.55159  2.83029  2.85108  5.49685  4.29923    148 a - - -
          2.68618  4.42225  2.77519  2.73123  3.46354  2.40513  3.72494  3.29354  2.67741  2.69355  4.24690  2.90347  2.73739  3.18146  2.89801  2.37887  2.77519  2.98518  4.58477  3.61503
          0.03078  3.89207  4.61442  0.61958  0.77255  0.48576  0.95510
    120   3.17706  4.63341  4.22102  3.86077  3.14288  4.00715  4.51034  2.34778  3.62833  0.85144  3.15937  4.13436  4.43902  3.99197  3.80127  3.58002  3.47035  2.39024  5.02947  3.75738    149 l - - -
          2.68618  4.42225  2.77519  2.73123  3.46354  2.40513  3.72494  3.29354  2.67741  2.69355  4.24690  2.90347  2.73739  3.18146  2.89801  2.37887  2.77519  2.98518  4.58477  3.61503
          0.03078  3.89207  4.61442  0.61958  0.77255  0.48576  0.95510
    121   2.96879  5.08435  2.49534  0.99783  4.43296  3.28644  3.87468  3.89074  2.75765  3.50461  4.47757  2.94351  3.89189  3.08979  3.16868  2.94907  3.27310  3.57248  5.60083  4.32284    150 e - - -
          2.68618  4.42225  2.77519  2.73123  3.46354  2.40513  3.72494  3.29354  2.67741  2.69355  4.24690  2.90347  2.73739  3.18146  2.89801  2.37887  2.77519  2.98518  4.58477  3.61503
          0.03078  3.89207  4.61442  0.61958  0.77255  0.48576  0.95510
    122   1.89336  4.24994  3.20438  2.94515  4.12722  3.01075  4.07517  3.43336  2.99709  3.17494  4.09276  3.21245  1.64206  3.34055  3.31678  2.48314  2.76748  3.02076  5.48954  4.25445    151 p - - -
          2.68618  4.42225  2.77519  2.73123  3.46354  2.40513  3.72494  3.29354  2.67741  2.69355  4.24690  2.90347  2.73739  3.18146  2.89801  2.37887  2.77519  2.98518  4.58477  3.61503
          0.03078  3.89207  4.61442  0.61958  0.77255  0.48576  0.95510
    123   1.78161  4.16539  3.22552  3.03039  4.27203  1.44006  4.17691  3.62734  3.16712  3.37307  4.23994  3.22928  3.66135  3.45904  3.47330  2.40311  2.71932  3.11521  5.60640  4.39793    152 g - - -
          2.68618  4.42225  2.77519  2.73123  3.46354  2.40513  3.72494  3.29354  2.67741  2.69355  4.24690  2.90347  2.73739  3.18146  2.89801  2.37887  2.77519  2.98518  4.58477  3.61503
          0.03078  3.89207  4.61442  0.61958  0.77255  0.48576  0.95510
    124   2.50914  4.21921  3.77914  3.35249  3.67438  3.39703  4.25190  2.35075  3.24870  2.48754  3.58738  3.57625  3.99167  3.59158  3.52595  2.80275  1.94492  1.61620  5.28438  4.05482    153 v - - -
          2.68618  4.42225  2.77519  2.73123  3.46354  2.40513  3.72494  3.29354  2.67741  2.69355  4.24690  2.90347  2.73739  3.18146  2.89801  2.37887  2.77519  2.98518  4.58477  3.61503
          0.03078  3.89207  4.61442  0.61958  0.77255  0.48576  0.95510
    125   3.27510  4.75616  3.86701  3.59991  2.29344  3.85284  3.62725  3.28155  3.45686  2.73047  3.95450  3.74737  4.32615  3.75821  3.63663  3.40991  3.56183  3.15300  3.93801  0.93381    154 y - - -
          2.68618  4.42225  2.77519  2.73123  3.46354  2.40513  3.72494  3.29354  2.67741  2.69355  4.24690  2.90347  2.73739  3.18146  2.89801  2.37887  2.77519  2.98518  4.58477  3.61503
          0.03078  3.89207  4.61442  0.61958  0.77255  0.48576  0.95510
    126   3.01586  4.83015  3.14441  2.90616  3.29811  3.46376  1.10182  3.72183  2.74866  3.21341  4.25774  3.31476  4.01728  3.27259  3.01328  3.08632  3.31982  3.45656  4.76294  3.24838    155 h - - -
          2.68618  4.42225  2.77519  2.73123  3.46354  2.40513  3.72494  3.29354  2.67741  2.69355  4.24690  2.90347  2.73739  3.18146  2.89801  2.37887  2.77519  2.98518  4.58477  3.61503
          0.03078  3.89207  4.61442  0.61958  0.77255  0.48576  0.95510
    127   2.69260  4.25747  3.93851  3.40363  3.40202  3.73891  4.21113  2.16602  3.28992  2.14994  2.65168  3.70329  4.16207  3.59656  3.56382  3.06475  2.44348  1.62012  5.06915  3.86680    156 v - - -
          2.68618  4.42225  2.77519  2.73123  3.46354  2.40513  3.72494  3.29354  2.67741  2.69355  4.24690  2.90347  2.73739  3.18146  2.89801  2.37887  2.77519  2.98518  4.58477  3.61503
          0.03078  3.89207  4.61442  0.61958  0.77255  0.48576  0.95510
    128   3.01586  4.83015  3.14441  2.90616  3.29811  3.46376  1.10182  3.72183  2.74866  3.21341  4.25774  3.31476  4.01728  3.27259  3.01328  3.08632  3.31982  3.45656  4.76294  3.24838    157 h - - -
          2.68618  4.42225  2.77519  2.73123  3.46354  2.40513  3.72494  3.29354  2.67741  2.69355  4.24690  2.90347  2.73739  3.18146  2.89801  2.37887  2.77519  2.98518  4.58477  3.61503
          0.03078  3.89207  4.61442  0.61958  0.77255  0.48576  0.95510
    129   2.42295  4.26812  3.44516  3.19785  3.98586  3.10681  4.21372  3.11536  3.14121  2.97817  4.02728  3.40422  3.81204  3.53501  3.39907  2.62441  1.13912  2.80825  5.42193  4.20243    158 t - - -
          2.68618  4.42225  2.77519  2.73123  3.46354  2.40513  3.72494  3.29354  2.67741  2.69355  4.24690  2.90347  2.73739  3.18146  2.89801  2.37887  2.77519  2.98518  4.58477  3.61503
          0.03078  3.89207  4.61442  0.61958  0.77255  0.48576  0.95510
    130   2.89592  4.88260  2.91549  2.67029  4.05381  3.37874  3.82885  3.68736  2.48967  3.18779  4.21487  3.13028  3.93234  1.19961  2.77356  2.94274  3.19277  3.41574  5.32225  4.01722    159 q - - -
          2.68618  4.42225  2.77519  2.73123  3.46354  2.40513  3.72494  3.29354  2.67741  2.69355  4.24690  2.90347  2.73739  3.18146  2.89801  2.37887  2.77519  2.98518  4.58477  3.61503
          0.03078  3.89207  4.61442  0.61958  0.77255  0.48576  0.95510
    131   3.17706  4.63341  4.22102  3.86077  3.14288  4.00715  4.51034  2.34778  3.62833  0.85144  3.15937  4.13436  4.43902  3.99197  3.80127  3.58002  3.47035  2.39024  5.02947  3.75738    160 l - - -
          2.68618  4.42225  2.77519  2.73123  3.46354  2.40513  3.72494  3.29354  2.67741  2.69355  4.24690  2.90347  2.73739  3.18146  2.89801  2.37887  2.77519  2.98518  4.58477  3.61503
          0.03078  3.89207  4.61442  0.61958  0.77255  0.48576  0.95510
    132   2.73937  4.73690  2.71865  2.60600  4.10345  3.19687  3.93633  3.81786  2.84155  3.46245  4.41743  1.12382  3.84960  3.20896  3.19701  2.80571  3.12178  3.43809  5.40709  4.05026    161 n - - -
          2.68618  4.42225  2.77519  2.73123  3.46354  2.40513  3.72494  3.29354  2.67741  2.69355  4.24690  2.90347  2.73739  3.18146  2.89801  2.37887  2.77519  2.98518  4.58477  3.61503
          0.03078  3.89207  4.61442  0.61958  0.77255  0.48576  0.95510
    133   3.01330  4.37140  4.60131  4.10605  3.47463  4.28726  4.84453  1.36757  3.98438  1.99257  3.29863  4.34668  4.62670  4.26415  4.19958  3.66943  3.28457  1.27860  5.41619  4.20581    162 v - - -
          2.68618  4.42225  2.77519  2.73123  3.46354  2.40513  3.72494  3.29354  2.67741  2.69355  4.24690  2.90347  2.73739  3.18146  2.89801  2.37887  2.77519  2.98518  4.58477  3.61503
          0.03078  3.89207  4.61442  0.61958  0.77255  0.48576  0.95510
    134   1.60201  4.61208  2.74609  2.09822  4.12434  3.20961  3.81937  3.38742  2.67885  3.13385  4.03536  2.97940  3.79686  3.02698  3.07686  2.65649  2.91009  3.06114  5.44561  4.13991    163 a - - -
          2.68618  4.42225  2.77519  2.73123  3.46354  2.40513  3.72494  3.29354  2.67741  2.69355  4.24690  2.90347  2.73739  3.18146  2.89801  2.37887  2.77519  2.98518  4.58477  3.61503
          0.03078  3.89207  4.61442  0.61958  0.77255  0.48576  0.95510
    135   2.65167  4.81464  2.79686  2.41908  4.03655  3.34040  2.86538  3.56782  2.37218  3.14869  3.99040  2.92076  3.81075  2.42106  2.75636  2.02781  2.90774  3.23415  5.29922  3.94107    164 s - - -
          2.68618  4.42225  2.77519  2.73123  3.46354  2.40513  3.72494  3.29354  2.67741  2.69355  4.24690  2.90347  2.73739  3.18146  2.89801  2.37887  2.77519  2.98518  4.58477  3.61503
          0.03078  3.89207  4.61442  0.61958  0.77255  0.48576  0.95510
    136   3.01330  4.37140  4.60131  4.10605  3.47463  4.28726  4.84453  1.36757  3.98438  1.99257  3.29863  4.34668  4.62670  4.26415  4.19958  3.66943  3.28457  1.27860  5.41619  4.20581    165 v - - -
          2.68618  4.42225  2.77519  2.73123  3.46354  2.40513  3.72494  3.29354  2.67741  2.69355  4.24690  2.90347  2.73739  3.18146  2.89801  2.37887  2.77519  2.98518  4.58477  3.61503
          0.03078  3.89207  4.61442  0.61958  0.77255  0.48576  0.95510
    137   2.68894  4.46266  3.36675  3.26853  4.41090  0.69949  4.38780  4.01510  3.45249  3.66682  4.64257  3.53100  3.85443  3.77507  3.68657  2.86138  3.17170  3.53963  5.50107  4.51339    166 g - - -
          2.68618  4.42225  2.77519  2.73123  3.46354  2.40513  3.72494  3.29354  2.67741  2.69355  4.24690  2.90347  2.73739  3.18146  2.89801  2.37887  2.77519  2.98518  4.58477  3.61503
          0.03078  3.89207  4.61442  0.61958  0.77255  0.48576  0.95510
    138   2.77699  4.53131  3.38624  3.22794  4.22180  3.21771  4.30395  3.77204  3.28687  3.39684  4.44739  3.53277  0.79199  3.67506  3.53036  2.94505  3.22005  3.41521  5.40319  4.34267    167 p - - -
          2.68618  4.42225  2.77519  2.73123  3.46354  2.40513  3.72494  3.29354  2.67741  2.69355  4.24690  2.90347  2.73739  3.18146  2.89801  2.37887  2.77519  2.98518  4.58477  3.61503
          0.03078  3.89207  4.61442  0.61958  0.77255  0.48576  0.95510
    139   2.68894  4.46266  3.36675  3.26853  4.41090  0.69949  4.38780  4.01510  3.45249  3.66682  4.64257  3.53100  3.85443  3.77507  3.68657  2.86138  3.17170  3.53963  5.50107  4.51339    168 g - - -
          2.68618  4.42225  2.77519  2.73123  3.46354  2.40513  3.72494  3.29354  2.67741  2.69355  4.24690  2.90347  2.73739  3.18146  2.89801  2.37887  2.77519  2.98518  4.58477  3.61503
          0.03078  3.89207  4.61442  0.61958  0.77255  0.48576  0.95510
    140   3.17706  4.63341  4.22102  3.86077  3.14288  4.00715  4.51034  2.34778  3.62833  0.85144  3.15937  4.13436  4.43902  3.99197  3.80127  3.58002  3.47035  2.39024  5.02947  3.75738    169 l - - -
          2.68618  4.42225  2.77519  2.73123  3.46354  2.40513  3.72494  3.29354  2.67741  2.69355  4.24690  2.90347  2.73739  3.18146  2.89801  2.37887  2.77519  2.98518  4.58477  3.61503
          0.03078  3.89207  4.61442  0.61958  0.77255  0.48576  0.95510
    141   2.68894  4.46266  3.36675  3.26853  4.41090  0.69949  4.38780  4.01510  3.45249  3.66682  4.64257  3.53100  3.85443  3.77507  3.68657  2.86138  3.17170  3.53963  5.50107  4.51339    170 g - - -
          2.68618  4.42225  2.77519  2.73123  3.46354  2.40513  3.72494  3.29354  2.67741  2.69355  4.24690  2.90347  2.73739  3.18146  2.89801  2.37887  2.77519  2.98518  4.58477  3.61503
          0.03078  3.89207  4.61442  0.61958  0.77255  0.48576  0.95510
    142   2.64055  4.63124  3.11504  2.71262  4.10872  3.30154  3.78722  3.56032  2.43525  3.15652  4.05352  3.12711  1.77641  2.99162  2.16776  2.73274  2.95651  3.22155  5.33105  4.08400    171 p - - -
          2.68618  4.42225  2.77519  2.73123  3.46354  2.40513  3.72494  3.29354  2.67741  2.69355  4.24690  2.90347  2.73739  3.18146  2.89801  2.37887  2.77519  2.98518  4.58477  3.61503
          0.03078  3.89207  4.61442  0.61958  0.77255  0.48576  0.95510
    143   2.68894  4.46266  3.36675  3.26853  4.41090  0.69949  4.38780  4.01510  3.45249  3.66682  4.64257  3.53100  3.85443  3.77507  3.68657  2.86138  3.17170  3.53963  5.50107  4.51339    172 g - - -
          2.68618  4.42225  2.77519  2.73123  3.46354  2.40513  3.72494  3.29354  2.67741  2.69355  4.24690  2.90347  2.73739  3.18146  2.89801  2.37887  2.77519  2.98518  4.58477  3.61503
          0.03078  3.89207  4.61442  0.61958  0.77255  0.48576  0.95510
    144   2.16130  4.68268  2.86218  2.54794  4.10875  3.27057  3.75399  3.49433  2.47235  3.11496  4.03154  3.00506  3.81891  1.77688  2.81545  2.68573  2.93008  3.17104  5.39289  4.08277    173 q - - -
          2.68618  4.42225  2.77519  2.73123  3.46354  2.40513  3.72494  3.29354  2.67741  2.69355  4.24690  2.90347  2.73739  3.18146  2.89801  2.37887  2.77519  2.98518  4.58477  3.61503
          0.03078  3.89207  4.61442  0.61958  0.77255  0.48576  0.95510
    145   2.42295  4.26812  3.44516  3.19785  3.98586  3.10681  4.21372  3.11536  3.14121  2.97817  4.02728  3.40422  3.81204  3.53501  3.39907  2.62441  1.13912  2.80825  5.42193  4.20243    174 t - - -
          2.68618  4.42225  2.77519  2.73123  3.46354  2.40513  3.72494  3.29354  2.67741  2.69355  4.24690  2.90347  2.73739  3.18146  2.89801  2.37887  2.77519  2.98518  4.58477  3.61503
          0.03078  3.89207  4.61442  0.61958  0.77255  0.48576  0.95510
    146   2.82348  4.36046  4.15257  3.81612  3.56420  3.74431  4.61439  2.04877  3.68421  2.24770  3.52619  4.00286  4.30359  4.04251  3.89485  3.24893  3.18446  1.00054  5.35202  4.08493    175 v - - -
          2.68618  4.42225  2.77519  2.73123  3.46354  2.40513  3.72494  3.29354  2.67741  2.69355  4.24690  2.90347  2.73739  3.18146  2.89801  2.37887  2.77519  2.98518  4.58477  3.61503
          0.03078  3.89207  4.61442  0.61958  0.77255  0.48576  0.95510
    147   2.54337  4.32790  3.34152  2.98541  3.64766  3.35997  4.00092  2.65012  2.94350  2.67592  3.68479  2.57659  3.92277  3.31830  3.25772  2.76361  2.88567  1.56281  5.15664  3.85157    176 v - - -
          2.68618  4.42225  2.77519  2.73123  3.46354  2.40513  3.72494  3.29354  2.67741  2.69355  4.24690  2.90347  2.73739  3.18146  2.89801  2.37887  2.77519  2.98518  4.58477  3.61503
          0.03078  3.89207  4.61442  0.61958  0.77255  0.48576  0.95510
    148   2.82348  4.36046  4.15257  3.81612  3.56420  3.74431  4.61439  2.04877  3.68421  2.24770  3.52619  4.00286  4.30359  4.04251  3.89485  3.24893  3.18446  1.00054  5.35202  4.08493    177 v - - -
          2.68618  4.42225  2.77519  2.73123  3.46354  2.40513  3.72494  3.29354  2.67741  2.69355  4.24690  2.90347  2.73739  3.18146  2.89801  2.37887  2.77519  2.98518  4.58477  3.61503
          0.03078  3.89207  4.61442  0.61958  0.77255  0.48576  0.95510
    149   2.64743  4.77882  2.65285  1.79714  4.18568  3.26264  3.73679  3.48824  2.55574  3.18259  4.06743  2.90793  3.80718  2.91952  2.97001  2.68828  2.05678  3.16520  5.46362  4.13194    178 e - - -
          2.68618  4.42225  2.77519  2.73123  3.46354  2.40513  3.72494  3.29354  2.67741  2.69355  4.24690  2.90347  2.73739  3.18146  2.89801  2.37887  2.77519  2.98518  4.58477  3.61503
          0.03078  3.89207  4.61442  0.61958  0.77255  0.48576  0.95510
    150   2.68894  4.46266  3.36675  3.26853  4.41090  0.69949  4.38780  4.01510  3.45249  3.66682  4.64257  3.53100  3.85443  3.77507  3.68657  2.86138  3.17170  3.53963  5.50107  4.51339    179 g - - -
          2.68618  4.42225  2.77519  2.73123  3.46354  2.40513  3.72494  3.29354  2.67741  2.69355  4.24690  2.90347  2.73739  3.18146  2.89801  2.37887  2.77519  2.98518  4.58477  3.61503
          0.03078  3.89207  4.61442  0.61958  0.77255  0.48576  0.95510
    151   2.89369  5.42261  1.56173  1.53066  4.70870  3.18258  3.72219  4.21303  2.72930  3.73413  4.59279  2.65424  3.80011  2.89103  3.31115  2.78544  3.18172  3.80040  5.89081  4.40389    180 e - - -
          2.68618  4.42225  2.77519  2.73123  3.46354  2.40513  3.72494  3.29354  2.67741  2.69355  4.24690  2.90347  2.73739  3.18146  2.89801  2.37887  2.77519  2.98518  4.58477  3.61503
          0.03078  3.89207  4.61442  0.61958  0.77255  0.48576  0.95510
    152   2.77699  4.53131  3.38624  3.22794  4.22180  3.21771  4.30395  3.77204  3.28687  3.39684  4.44739  3.53277  0.79199  3.67506  3.53036  2.94505  3.22005  3.41521  5.40319  4.34267    181 p - - -
          2.68618  4.42225  2.77519  2.73123  3.46354  2.40513  3.72494  3.29354  2.67741  2.69355  4.24690  2.90347  2.73739  3.18146  2.89801  2.37887  2.77519  2.98518  4.58477  3.61503
          0.03078  3.89207  4.61442  0.61958  0.77255  0.48576  0.95510
    153   2.75803  4.30268  4.03500  3.57616  3.49770  3.78845  4.40136  1.40512  3.43676  2.18183  3.38601  3.84179  4.25818  3.78213  3.68923  3.17067  2.42799  1.88978  5.23902  4.01346    182 i - - -
          2.68618  4.42225  2.77519  2.73123  3.46354  2.40513  3.72494  3.29354  2.67741  2.69355  4.24690  2.90347  2.73739  3.18146  2.89801  2.37887  2.77519  2.98518  4.58477  3.61503
          0.03078  3.89207  4.61442  0.61958  0.77255  0.48576  0.95510
    154   3.04335  4.40838  4.56200  4.00013  3.18817  4.29404  4.64266  1.73736  3.88916  1.46943  2.40999  4.26929  4.54877  4.07715  4.07306  3.62094  3.27561  1.69506  5.13686  4.01856    183 l - - -
          2.68618  4.42225  2.77519  2.73123  3.46354  2.40513  3.72494  3.29354  2.67741  2.69355  4.24690  2.90347  2.73739  3.18146  2.89801  2.37887  2.77519  2.98518  4.58477  3.61503
          0.03078  3.89207  4.61442  0.61958  0.77255  0.48576  0.95510
    155   2.98972  4.95467  3.16704  2.78460  4.34557  3.47728  3.76959  3.77602  1.01178  3.33673  4.29696  3.20827  3.97609  2.95983  2.43475  3.03032  3.24144  3.48264  5.39204  4.20755    184 k - - -
          2.68618  4.42225  2.77519  2.73123  3.46354  2.40513  3.72494  3.29354  2.67741  2.69355  4.24690  2.90347  2.73739  3.18146  2.89801  2.37887  2.77519  2.98518  4.58477  3.61503
          0.03078  3.89207  4.61442  0.61958  0.77255  0.48576  0.95510
    156   2.77699  4.53131  3.38624  3.22794  4.22180  3.21771  4.30395  3.77204  3.28687  3.39684  4.44739  3.53277  0.79199  3.67506  3.53036  2.94505  3.22005  3.41521  5.40319  4.34267    185 p - - -
          2.68618  4.42225  2.77519  2.73123  3.46354  2.40513  3.72494  3.29354  2.67741  2.69355  4.24690  2.90347  2.73739  3.18146  2.89801  2.37887  2.77519  2.98518  4.58477  3.61503
          0.03078  3.89207  4.61442  0.61958  0.77255  0.48576  0.95510
    157   3.05962  4.44091  4.52684  3.99432  3.22122  4.27545  4.66291  1.35194  3.83330  1.69225  2.41741  4.26475  4.56260  4.08315  4.02635  3.62843  3.30613  1.90231  5.18106  4.02035    186 i - - -
          2.68618  4.42225  2.77519  2.73123  3.46354  2.40513  3.72494  3.29354  2.67741  2.69355  4.24690  2.90347  2.73739  3.18146  2.89801  2.37887  2.77519  2.98518  4.58477  3.61503
          0.03078  3.89207  4.61442  0.61958  0.77255  0.48576  0.95510
    158   2.31369  4.28138  3.08914  2.84228  4.15896  2.99485  4.01415  3.61186  2.92479  3.28787  4.15343  3.14197  1.71504  3.26712  3.26197  1.95746  2.75968  3.14416  5.49336  4.22189    187 p - - -
          2.68618  4.42225  2.77519  2.73123  3.46354  2.40513  3.72494  3.29354  2.67741  2.69355  4.24690  2.90347  2.73739  3.18146  2.89801  2.37887  2.77519  2.98518  4.58477  3.61503
          0.03078  3.89207  4.61442  0.61958  0.77255  0.48576  0.95510
    159   2.85066  4.42563  3.83277  3.37681  2.64868  3.76263  3.78529  2.64782  3.23201  2.33059  3.47065  3.61957  4.18259  3.53889  3.47650  3.10980  3.11784  2.07349  4.29602  1.66660    188 y - - -
          2.68618  4.42225  2.77519  2.73123  3.46354  2.40513  3.72494  3.29354  2.67741  2.69355  4.24690  2.90347  2.73739  3.18146  2.89801  2.37887  2.77519  2.98518  4.58477  3.61503
          0.03078  3.89207  4.61442  0.61958  0.77255  0.48576  0.95510
    160   2.38427  4.41220  2.92055  2.62806  4.16015  2.40091  3.86575  3.56928  2.74782  3.22608  4.06288  2.40157  3.71169  3.07624  3.14240  2.49823  1.93865  3.14216  5.46397  4.17524    189 t - - -
          2.68618  4.42225  2.77519  2.73123  3.46354  2.40513  3.72494  3.29354  2.67741  2.69355  4.24690  2.90347  2.73739  3.18146  2.89801  2.37887  2.77519  2.98518  4.58477  3.61503
          0.03078  3.89207  4.61442  0.61958  0.77255  0.48576  0.95510
    161   2.73937  4.73690  2.71865  2.60600  4.10345  3.19687  3.93633  3.81786  2.84155  3.46245  4.41743  1.12382  3.84960  3.20896  3.19701  2.80571  3.12178  3.43809  5.40709  4.05026    190 n - - -
          2.68618  4.42225  2.77519  2.73123  3.46354  2.40513  3.72494  3.29354  2.67741  2.69355  4.24690  2.90347  2.73739  3.18146  2.89801  2.37887  2.77519  2.98518  4.58477  3.61503
          0.03078  3.89207  4.61442  0.61958  0.77255  0.48576  0.95510
    162   3.01235  4.37088  4.59972  4.10445  3.47562  4.28583  4.84344  1.37695  3.98289  1.99442  3.29985  4.34517  4.62577  4.26299  4.19842  3.66792  3.28373  1.26995  5.41632  4.20558    191 v - - -
          2.68618  4.42225  2.77519  2.73123  3.46354  2.40513  3.72494  3.29354  2.67741  2.69355  4.24690  2.90347  2.73739  3.18146  2.89801  2.37887  2.77519  2.98518  4.58477  3.61503
          0.03078  3.89207  4.61442  0.61958  0.77255  0.48576  0.95510
    163   2.34532  4.27403  4.20741  3.69774  3.52441  3.92036  4.49671  1.66541  3.60062  2.19782  3.38115  3.95952  4.34365  3.89590  3.85942  3.27553  3.08011  1.38932  5.27954  4.06784    192 v - - -
          2.68618  4.42225  2.77519  2.73123  3.46354  2.40513  3.72494  3.29354  2.67741  2.69355  4.24690  2.90347  2.73739  3.18146  2.89801  2.37887  2.77519  2.98518  4.58477  3.61503
          0.03078  3.89207  4.61442  0.61958  0.77255  0.48576  0.95510
    164   3.27510  4.75616  3.86701  3.59991  2.29344  3.85284  3.62725  3.28155  3.45686  2.73047  3.95450  3.74737  4.32615  3.75821  3.63663  3.40991  3.56183  3.15300  3.93801  0.93381    193 y - - -
          2.68618  4.42225  2.77519  2.73123  3.46354  2.40513  3.72494  3.29354  2.67741  2.69355  4.24690  2.90347  2.73739  3.18146  2.89801  2.37887  2.77519  2.98518  4.58477  3.61503
          0.03078  3.89207  4.61442  0.61958  0.77255  0.48576  0.95510
    165   2.89592  4.88260  2.91549  2.67029  4.05381  3.37874  3.82885  3.68736  2.48967  3.18779  4.21487  3.13028  3.93234  1.19961  2.77356  2.94274  3.19277  3.41574  5.32225  4.01722    194 q - - -
          2.68618  4.42225  2.77519  2.73123  3.46354  2.40513  3.72494  3.29354  2.67741  2.69355  4.24690  2.90347  2.73739  3.18146  2.89801  2.37887  2.77519  2.98518  4.58477  3.61503
          0.03078  3.89207  4.61442  0.61958  0.77255  0.48576  0.95510
    166   2.18545  2.73060  3.67781  3.24422  3.87696  2.97940  4.12629  3.17431  3.16248  2.95704  3.83258  3.34952  3.68133  3.45834  3.44040  1.69747  2.10220  2.78286  5.29691  4.09601    195 s - - -
          2.68618  4.42225  2.77519  2.73123  3.46354  2.40513  3.72494  3.29354  2.67741  2.69355  4.24690  2.90347  2.73739  3.18146  2.89801  2.37887  2.77519  2.98518  4.58477  3.61503
          0.03078  3.89207  4.61442  0.61958  0.77255  0.48576  0.95510
    167   3.04632  4.45937  4.36384  3.98023  3.38721  4.08793  4.70458  1.05397  3.80875  1.96904  3.31932  4.22281  4.51710  4.15491  4.00306  3.58497  3.34507  1.84613  5.28222  4.02233    196 i - - -
          2.68618  4.42225  2.77519  2.73123  3.46354  2.40513  3.72494  3.29354  2.67741  2.69355  4.24690  2.90347  2.73739  3.18146  2.89801  2.37887  2.77519  2.98518  4.58477  3.61503
          0.03078  3.89207  4.61442  0.61958  0.77255  0.48576  0.95510
    168   3.04675  4.40892  4.57177  4.01044  3.19259  4.30183  4.65273  1.71806  3.89987  1.46151  2.46298  4.27874  4.55538  4.08728  4.08306  3.62968  3.27919  1.68686  5.14392  4.02558    197 l - - -
          2.68618  4.42225  2.77519  2.73123  3.46354  2.40513  3.72494  3.29354  2.67741  2.69355  4.24690  2.90347  2.73739  3.18146  2.89801  2.37887  2.77519  2.98518  4.58477  3.61503
          0.03078  3.89207  4.61442  0.61958  0.77255  0.48576  0.95510
    169   3.04632  4.45937  4.36384  3.98023  3.38721  4.08793  4.70458  1.05397  3.80875  1.96904  3.31932  4.22281  4.51710  4.15491  4.00306  3.58497  3.34507  1.84613  5.28222  4.02233    198 i - - -
          2.68618  4.42225  2.77519  2.73123  3.46354  2.40513  3.72494  3.29354  2.67741  2.69355  4.24690  2.90347  2.73739  3.18146  2.89801  2.37887  2.77519  2.98518  4.58477  3.61503
          0.03078  3.89207  4.61442  0.61958  0.77255  0.48576  0.95510
    170   1.75978  4.16298  3.22999  3.03196  4.26986  1.45881  4.17609  3.62435  3.16642  3.37008  4.23596  3.22955  3.66031  3.45793  3.47292  2.40093  2.71666  3.11229  5.60499  4.39652    199 g - - -
          2.68618  4.42225  2.77519  2.73123  3.46354  2.40513  3.72494  3.29354  2.67741  2.69355  4.24690  2.90347  2.73739  3.18146  2.89801  2.37887  2.77519  2.98518  4.58477  3.61503
          0.03078  3.89207  4.61442  0.61958  0.77255  0.48576  0.95510
    171   2.31939  4.27199  4.19319  3.68310  3.52356  3.90793  4.48414  1.67313  3.58670  2.20215  3.38201  3.94603  4.33356  3.88219  3.84696  3.26237  3.07364  1.40484  5.27314  4.06128    200 v - - -
          2.68618  4.42225  2.77519  2.73123  3.46354  2.40513  3.72494  3.29354  2.67741  2.69355  4.24690  2.90347  2.73739  3.18146  2.89801  2.37887  2.77519  2.98518  4.58477  3.61503
          0.03078  3.89207  4.61442  0.61958  0.77255  0.48576  0.95510
    172   2.68894  4.46266  3.36675  3.26853  4.41090  0.69949  4.38780  4.01510  3.45249  3.66682  4.64257  3.53100  3.85443  3.77507  3.68657  2.86138  3.17170  3.53963  5.50107  4.51339    201 g - - -
          2.68618  4.42225  2.77519  2.73123  3.46354  2.40513  3.72494  3.29354  2.67741  2.69355  4.24690  2.90347  2.73739  3.18146  2.89801  2.37887  2.77519  2.98518  4.58477  3.61503
          0.03078  3.89207  4.61442  0.61958  0.77255  0.48576  0.95510
    173   3.00081  4.50824  3.98884  3.51606  2.52797  3.93290  3.78644  2.65448  3.32491  1.55919  3.35020  3.73715  4.29234  3.62200  3.54202  3.27222  3.23974  2.59083  4.21187  1.85045    202 l - - -
          2.68618  4.42225  2.77519  2.73123  3.46354  2.40513  3.72494  3.29354  2.67741  2.69355  4.24690  2.90347  2.73739  3.18146  2.89801  2.37887  2.77519  2.98518  4.58477  3.61503
          0.03078  3.89207  4.61442  0.61958  0.77255  0.48576  0.95510
    174   1.61490  4.13152  3.47614  3.08732  3.91291  2.36964  4.07998  3.08401  3.07086  2.94644  3.84957  3.29365  3.71946  3.37672  3.38542  2.45929  2.68947  2.22412  5.33627  4.11496    203 a - - -
          2.68618  4.42225  2.77519  2.73123  3.46354  2.40513  3.72494  3.29354  2.67741  2.69355  4.24690  2.90347  2.73739  3.18146  2.89801  2.37887  2.77519  2.98518  4.58477  3.61503
          0.03078  3.89207  4.61442  0.61958  0.77255  0.48576  0.95510
    175   3.02268  4.38733  4.59159  4.10287  3.44559  4.27912  4.83725  1.22914  3.97125  1.95293  3.27435  4.34345  4.62280  4.25394  4.18285  3.66638  3.29625  1.45708  5.39938  4.18879    204 i - - -
          2.68618  4.42225  2.77519  2.73123  3.46354  2.40513  3.72494  3.29354  2.67741  2.69355  4.24690  2.90347  2.73739  3.18146  2.89801  2.37887  2.77519  2.98518  4.58477  3.61503
          0.03078  3.89207  4.61442  0.61958  0.77255  0.48576  0.95510
    176   2.24297  4.16744  3.31662  3.01619  4.08324  2.97206  4.08249  3.38966  3.01362  3.16352  4.04502  3.23127  3.68457  3.35749  3.32033  1.94719  1.53014  2.95904  5.46121  4.22058    205 t - - -
          2.68618  4.42225  2.77519  2.73123  3.46354  2.40513  3.72494  3.29354  2.67741  2.69355  4.24690  2.90347  2.73739  3.18146  2.89801  2.37887  2.77519  2.98518  4.58477  3.61503
          0.03078  3.89207  4.61442  0.61958  0.77255  0.48576  0.95510
    177   3.28304  4.67899  4.26561  3.98367  0.98019  3.96854  3.88554  2.80413  3.89017  2.16959  3.53128  4.04115  4.42656  4.05270  4.00506  3.55207  3.58412  2.79630  4.12851  2.49295    206 f - - -
          2.68618  4.42225  2.77519  2.73123  3.46354  2.40513  3.72494  3.29354  2.67741  2.69355  4.24690  2.90347  2.73739  3.18146  2.89801  2.37887  2.77519  2.98518  4.58477  3.61503
          0.03078  3.89207  4.61442  0.61958  0.77255  0.48576  0.95510
    178   0.98588  4.20154  3.48224  3.27422  4.07165  3.02560  4.29398  3.20008  3.29098  3.08081  4.11032  3.41896  3.76665  3.63030  3.54028  2.55159  2.83029  2.85108  5.49685  4.29923    207 a - - -
          2.68618  4.42225  2.77519  2.73123  3.46354  2.40513  3.72494  3.29354  2.67741  2.69355  4.24690  2.90347  2.73739  3.18146  2.89801  2.37887  2.77519  2.98518  4.58477  3.61503
          0.03078  3.89207  4.61442  0.61958  0.77255  0.48576  0.95510
    179   2.42295  4.26812  3.44516  3.19785  3.98586  3.10681  4.21372  3.11536  3.14121  2.97817  4.02728  3.40422  3.81204  3.53501  3.39907  2.62441  1.13912  2.80825  5.42193  4.20243    208 t - - -
          2.68618  4.42225  2.77519  2.73123  3.46354  2.40513  3.72494  3.29354  2.67741  2.69355  4.24690  2.90347  2.73739  3.18146  2.89801  2.37887  2.77519  2.98518  4.58477  3.61503
          0.12930  3.89207  2.29374  0.61958  0.77255  0.48576  0.95510
    180   2.92322  4.76394  3.40647  2.93606  4.09933  3.42326  3.77522  3.63738  2.21549  3.16729  4.17133  3.30066  3.93122  3.00096  1.10104  3.01215  3.19547  3.36508  5.21427  4.04503    209 r - - -
          2.68618  4.42225  2.77519  2.73123  3.46354  2.40513  3.72494  3.29354  2.67741  2.69355  4.24690  2.90347  2.73739  3.18146  2.89801  2.37887  2.77519  2.98518  4.58477  3.61503
          0.03391  3.79668  4.51903  0.61958  0.77255  0.56709  0.83742
    181   2.65721  4.42502  3.25656  3.08624  4.08441  3.11691  4.16847  3.61202  3.13735  3.24649  4.29448  3.39962  0.98145  3.52855  3.38990  2.82279  3.09327  3.26589  5.29010  4.20470    210 p - - -
          2.68618  4.42225  2.77519  2.73123  3.46354  2.40513  3.72494  3.29354  2.67741  2.69355  4.24690  2.90347  2.73739  3.18146  2.89801  2.37887  2.77519  2.98518  4.58477  3.61503
          0.03391  3.79668  4.51903  0.61958  0.77255  0.56709  0.83742
    182   3.21560  4.61627  3.97901  3.66771  2.59702  3.64827  3.81316  3.23763  3.39216  2.64482  3.87478  3.83247  4.16019  3.78392  3.53330  3.41989  3.51260  3.12589  1.05324  2.60341    211 w - - -
          2.68618  4.42225  2.77519  2.73123  3.46354  2.40513  3.72494  3.29354  2.67741  2.69355  4.24690  2.90347  2.73739  3.18146  2.89801  2.37887  2.77519  2.98518  4.58477  3.61503
          0.03391  3.79668  4.51903  0.61958  0.77255  0.56709  0.83742
    183   2.82450  4.80417  2.85702  2.61277  3.96201  3.31802  3.76965  3.58308  2.43942  3.09280  4.12497  3.07100  3.87178  1.37550  2.72421  2.87648  3.12256  3.31815  5.24865  3.93797    212 q - - -
          2.68618  4.42225  2.77519  2.73123  3.46354  2.40513  3.72494  3.29354  2.67741  2.69355  4.24690  2.90347  2.73739  3.18146  2.89801  2.37887  2.77519  2.98518  4.58477  3.61503
          0.03391  3.79668  4.51903  0.61958  0.77255  0.56709  0.83742
    184   2.74866  4.31429  4.01859  3.68133  3.49680  3.64326  4.49679  2.06116  3.54785  2.19852  3.47555  3.88273  4.20940  3.91402  3.76727  3.14358  3.11296  1.12663  5.26772  3.99371    213 v - - -
          2.68618  4.42225  2.77519  2.73123  3.46354  2.40513  3.72494  3.29354  2.67741  2.69355  4.24690  2.90347  2.73739  3.18146  2.89801  2.37887  2.77519  2.98518  4.58477  3.61503
          0.03391  3.79668  4.51903  0.61958  0.77255  0.56709  0.83742
    185   2.97217  4.41458  4.22391  3.83845  3.32518  3.98123  4.58195  1.17724  3.66493  1.92915  3.27478  4.09449  4.42152  4.02226  3.87029  3.47084  3.27349  1.84989  5.19886  3.92921    214 i - - -
          2.68618  4.42225  2.77519  2.73123  3.46354  2.40513  3.72494  3.29354  2.67741  2.69355  4.24690  2.90347  2.73739  3.18146  2.89801  2.37887  2.77519  2.98518  4.58477  3.61503
          0.02295  3.78572        *  0.61958  0.77255  0.00000        *
//
