HMMER3/f [3.3 | Nov 2019]
NAME  amoC_Archaea_Selected_Sequences_msa
LENG  187
ALPH  amino
RF    no
MM    no
CONS  yes
CS    no
MAP   yes
DATE  Tue Jan 25 14:19:53 2022
NSEQ  9
EFFN  0.408691
CKSUM 3636089335
STATS LOCAL MSV      -10.4215  0.70628
STATS LOCAL VITERBI  -11.4741  0.70628
STATS LOCAL FORWARD   -4.3695  0.70628
HMM          A        C        D        E        F        G        H        I        K        L        M        N        P        Q        R        S        T        V        W        Y   
            m->m     m->i     m->d     i->m     i->i     d->m     d->d
  COMPO   2.51227  4.46003  3.21589  2.86293  3.14022  2.89207  3.81364  2.56926  2.89942  2.27574  3.39624  3.21134  3.25204  3.35561  3.05975  2.75911  2.94966  2.40408  4.04417  3.29413
          2.68619  4.42226  2.77521  2.73124  3.46355  2.40514  3.72496  3.29344  2.67742  2.69356  4.24662  2.90348  2.73741  3.18147  2.89802  2.37888  2.77514  2.98519  4.58478  3.61504
          0.10417  2.88383  3.14640  0.74211  0.64647  0.00000        *
      1   2.89137  4.45817  3.93869  3.52717  3.16923  3.75593  4.28662  2.33474  3.29976  1.78261  1.59395  3.81664  4.21860  3.69025  3.51676  3.22823  3.19603  2.32792  4.99435  3.74512      4 m - - -
          2.68618  4.42225  2.77519  2.73123  3.46354  2.40513  3.72494  3.29354  2.67741  2.69355  4.24690  2.90347  2.73739  3.18146  2.89801  2.37887  2.77519  2.98518  4.58477  3.61503
          0.03491  3.76828  4.49063  0.61958  0.77255  0.51273  0.91344
      2   1.17549  4.14603  3.36104  3.15136  3.95229  2.97250  4.18513  3.06280  3.16494  2.94861  3.99514  3.32599  3.70220  3.51669  3.42059  2.49883  2.76912  2.73565  5.39015  4.17942      5 a - - -
          2.68618  4.42225  2.77519  2.73123  3.46354  2.40513  3.72494  3.29354  2.67741  2.69355  4.24690  2.90347  2.73739  3.18146  2.89801  2.37887  2.77519  2.98518  4.58477  3.61503
          0.03491  3.76828  4.49063  0.61958  0.77255  0.51273  0.91344
      3   2.74351  4.73046  2.98732  2.62165  3.71550  3.40240  3.69146  3.24700  2.34856  2.56260  3.82994  3.07128  3.88611  1.81161  2.64013  2.81753  3.00849  3.03898  5.11971  3.75784      6 q - - -
          2.68618  4.42225  2.77519  2.73123  3.46354  2.40513  3.72494  3.29354  2.67741  2.69355  4.24690  2.90347  2.73739  3.18146  2.89801  2.37887  2.77519  2.98518  4.58477  3.61503
          0.03491  3.76828  4.49063  0.61958  0.77255  0.46926  0.98207
      4   2.99199  4.42857  4.32440  3.78939  3.13648  4.13638  4.49399  1.72499  3.62202  1.61966  2.04799  4.08721  4.44189  3.89291  3.83611  3.47901  3.23889  2.02030  5.07298  3.90567      7 l - - -
          2.68618  4.42225  2.77519  2.73123  3.46354  2.40513  3.72494  3.29354  2.67741  2.69355  4.24690  2.90347  2.73739  3.18146  2.89801  2.37887  2.77519  2.98518  4.58477  3.61503
          0.03377  3.80096  4.52331  0.61958  0.77255  0.48576  0.95510
      5   2.66229  4.42959  3.26208  3.09222  4.09036  3.12123  4.17423  3.61892  3.14367  3.25297  4.30101  3.40526  0.97202  3.53472  3.39588  2.82796  3.09865  3.27231  5.29503  4.21064      8 p - - -
          2.68618  4.42225  2.77519  2.73123  3.46354  2.40513  3.72494  3.29354  2.67741  2.69355  4.24690  2.90347  2.73739  3.18146  2.89801  2.37887  2.77519  2.98518  4.58477  3.61503
          0.03377  3.80096  4.52331  0.61958  0.77255  0.48576  0.95510
      6   1.64763  4.16872  3.30579  2.94012  3.86001  3.04214  3.97441  3.09172  2.90330  2.66667  3.82985  3.20345  3.70097  3.25481  3.22225  2.08020  2.69183  2.74889  5.27905  4.02256      9 a - - -
          2.68618  4.42225  2.77519  2.73123  3.46354  2.40513  3.72494  3.29354  2.67741  2.69355  4.24690  2.90347  2.73739  3.18146  2.89801  2.37887  2.77519  2.98518  4.58477  3.61503
          0.03377  3.80096  4.52331  0.61958  0.77255  0.48576  0.95510
      7   3.07659  4.56108  4.07370  3.71506  3.11149  3.88958  4.39328  2.31389  3.48343  0.96872  3.16014  3.99724  4.33850  3.86897  3.67047  3.45471  3.37483  2.33229  4.96299  3.66921     10 l - - -
          2.68618  4.42225  2.77519  2.73123  3.46354  2.40513  3.72494  3.29354  2.67741  2.69355  4.24690  2.90347  2.73739  3.18146  2.89801  2.37887  2.77519  2.98518  4.58477  3.61503
          0.03377  3.80096  4.52331  0.61958  0.77255  0.48576  0.95510
      8   3.02611  4.42797  4.39191  3.91348  3.24197  4.19162  4.61751  1.30202  3.71923  1.68670  3.14479  4.18856  4.52964  4.04384  3.93045  3.58347  3.29203  1.80041  5.18140  3.92431     11 i - - -
          2.68618  4.42225  2.77519  2.73123  3.46354  2.40513  3.72494  3.29354  2.67741  2.69355  4.24690  2.90347  2.73739  3.18146  2.89801  2.37887  2.77519  2.98518  4.58477  3.61503
          0.03377  3.80096  4.52331  0.61958  0.77255  0.48576  0.95510
      9   2.66229  4.42959  3.26208  3.09222  4.09036  3.12123  4.17423  3.61892  3.14367  3.25297  4.30101  3.40526  0.97202  3.53472  3.39588  2.82796  3.09865  3.27231  5.29503  4.21064     12 p - - -
          2.68618  4.42225  2.77519  2.73123  3.46354  2.40513  3.72494  3.29354  2.67741  2.69355  4.24690  2.90347  2.73739  3.18146  2.89801  2.37887  2.77519  2.98518  4.58477  3.61503
          0.03377  3.80096  4.52331  0.61958  0.77255  0.48576  0.95510
     10   2.90914  4.86651  3.08020  2.71737  4.23652  3.40445  3.72410  3.66171  1.14084  3.24338  4.21037  3.14439  3.91126  2.92091  2.42453  2.95683  3.16865  3.37413  5.32200  4.12507     13 k - - -
          2.68618  4.42225  2.77519  2.73123  3.46354  2.40513  3.72494  3.29354  2.67741  2.69355  4.24690  2.90347  2.73739  3.18146  2.89801  2.37887  2.77519  2.98518  4.58477  3.61503
          0.03377  3.80096  4.52331  0.61958  0.77255  0.48576  0.95510
     11   2.89405  4.98552  2.46308  1.13181  4.32332  3.23023  3.81323  3.76306  2.68494  3.39260  4.37169  2.89771  3.83199  3.03163  3.08488  2.88497  3.19839  3.45503  5.50859  4.23288     14 e - - -
          2.68618  4.42225  2.77519  2.73123  3.46354  2.40513  3.72494  3.29354  2.67741  2.69355  4.24690  2.90347  2.73739  3.18146  2.89801  2.37887  2.77519  2.98518  4.58477  3.61503
          0.03377  3.80096  4.52331  0.61958  0.77255  0.48576  0.95510
     12   2.87122  4.35851  4.19894  3.74108  3.34921  3.94327  4.50977  1.92722  3.56868  1.81555  3.27291  4.00008  4.37638  3.91552  3.80372  3.34276  3.17108  1.28554  5.20738  3.93390     15 v - - -
          2.68618  4.42225  2.77519  2.73123  3.46354  2.40513  3.72494  3.29354  2.67741  2.69355  4.24690  2.90347  2.73739  3.18146  2.89801  2.37887  2.77519  2.98518  4.58477  3.61503
          0.03377  3.80096  4.52331  0.61958  0.77255  0.48576  0.95510
     13   2.89405  4.98552  2.46308  1.13181  4.32332  3.23023  3.81323  3.76306  2.68494  3.39260  4.37169  2.89771  3.83199  3.03163  3.08488  2.88497  3.19839  3.45503  5.50859  4.23288     16 e - - -
          2.68618  4.42225  2.77519  2.73123  3.46354  2.40513  3.72494  3.29354  2.67741  2.69355  4.24690  2.90347  2.73739  3.18146  2.89801  2.37887  2.77519  2.98518  4.58477  3.61503
          0.03377  3.80096  4.52331  0.61958  0.77255  0.48576  0.95510
     14   2.99329  4.38460  4.44590  3.91238  3.27156  4.21872  4.63807  1.37672  3.77064  1.75741  2.79781  4.19613  4.52198  4.03767  3.99015  3.56722  3.24566  1.70248  5.21548  4.04127     17 i - - -
          2.68618  4.42225  2.77519  2.73123  3.46354  2.40513  3.72494  3.29354  2.67741  2.69355  4.24690  2.90347  2.73739  3.18146  2.89801  2.37887  2.77519  2.98518  4.58477  3.61503
          0.03377  3.80096  4.52331  0.61958  0.77255  0.48576  0.95510
     15   2.82755  4.80771  2.85946  2.61508  3.96618  3.32068  3.77207  3.58773  2.44137  3.09704  4.12889  3.07343  3.87437  1.36712  2.72615  2.87926  3.12551  3.32248  5.25195  3.94150     18 q - - -
          2.68618  4.42225  2.77519  2.73123  3.46354  2.40513  3.72494  3.29354  2.67741  2.69355  4.24690  2.90347  2.73739  3.18146  2.89801  2.37887  2.77519  2.98518  4.58477  3.61503
          0.03377  3.80096  4.52331  0.61958  0.77255  0.48576  0.95510
     16   2.92776  4.76854  3.41143  2.93985  4.10501  3.42722  3.77777  3.64321  2.21639  3.17232  4.17606  3.30421  3.93481  3.00314  1.09372  3.01638  3.19961  3.37068  5.21810  4.04961     19 r - - -
          2.68618  4.42225  2.77519  2.73123  3.46354  2.40513  3.72494  3.29354  2.67741  2.69355  4.24690  2.90347  2.73739  3.18146  2.89801  2.37887  2.77519  2.98518  4.58477  3.61503
          0.03377  3.80096  4.52331  0.61958  0.77255  0.48576  0.95510
     17   3.07659  4.56108  4.07370  3.71506  3.11149  3.88958  4.39328  2.31389  3.48343  0.96872  3.16014  3.99724  4.33850  3.86897  3.67047  3.45471  3.37483  2.33229  4.96299  3.66921     20 l - - -
          2.68618  4.42225  2.77519  2.73123  3.46354  2.40513  3.72494  3.29354  2.67741  2.69355  4.24690  2.90347  2.73739  3.18146  2.89801  2.37887  2.77519  2.98518  4.58477  3.61503
          0.03377  3.80096  4.52331  0.61958  0.77255  0.48576  0.95510
     18   2.90914  4.86651  3.08020  2.71737  4.23652  3.40445  3.72410  3.66171  1.14084  3.24338  4.21037  3.14439  3.91126  2.92091  2.42453  2.95683  3.16865  3.37413  5.32200  4.12507     21 k - - -
          2.68618  4.42225  2.77519  2.73123  3.46354  2.40513  3.72494  3.29354  2.67741  2.69355  4.24690  2.90347  2.73739  3.18146  2.89801  2.37887  2.77519  2.98518  4.58477  3.61503
          0.03377  3.80096  4.52331  0.61958  0.77255  0.48576  0.95510
     19   2.89226  4.96753  3.19253  2.66207  4.35322  3.50300  3.57765  3.73679  1.36399  3.24520  4.13382  3.08409  3.92042  2.73145  1.98336  2.91018  3.09471  3.42963  5.33792  4.13154     22 k - - -
          2.68618  4.42225  2.77519  2.73123  3.46354  2.40513  3.72494  3.29354  2.67741  2.69355  4.24690  2.90347  2.73739  3.18146  2.89801  2.37887  2.77519  2.98518  4.58477  3.61503
          0.03377  3.80096  4.52331  0.61958  0.77255  0.48576  0.95510
     20   2.97552  4.41648  4.23040  3.84495  3.32787  3.98621  4.58753  1.17131  3.67154  1.93072  3.27656  4.10039  4.42592  4.02831  3.87640  3.47607  3.27667  1.84940  5.20258  3.93344     23 i - - -
          2.68618  4.42225  2.77519  2.73123  3.46354  2.40513  3.72494  3.29354  2.67741  2.69355  4.24690  2.90347  2.73739  3.18146  2.89801  2.37887  2.77519  2.98518  4.58477  3.61503
          0.03377  3.80096  4.52331  0.61958  0.77255  0.48576  0.95510
     21   3.12053  4.54881  4.11690  3.65257  2.05437  3.99034  3.44338  3.01035  3.46205  2.25796  3.61169  3.71410  4.32672  3.65999  3.63566  3.30946  3.34482  2.88004  2.86498  1.43705     24 y - - -
          2.68618  4.42225  2.77519  2.73123  3.46354  2.40513  3.72494  3.29354  2.67741  2.69355  4.24690  2.90347  2.73739  3.18146  2.89801  2.37887  2.77519  2.98518  4.58477  3.61503
          0.03377  3.80096  4.52331  0.61958  0.77255  0.48576  0.95510
     22   3.02591  4.40446  4.48434  3.96181  3.26858  4.26345  4.67973  1.39359  3.81066  1.61496  3.11029  4.24349  4.56173  4.08566  4.02713  3.62162  3.27976  1.67751  5.23148  4.03228     25 i - - -
          2.68618  4.42225  2.77519  2.73123  3.46354  2.40513  3.72494  3.29354  2.67741  2.69355  4.24690  2.90347  2.73739  3.18146  2.89801  2.37887  2.77519  2.98518  4.58477  3.61503
          0.03377  3.80096  4.52331  0.61958  0.77255  0.48576  0.95510
     23   2.99012  4.41254  4.35332  3.79576  2.58653  4.14333  4.39230  1.94584  3.68089  1.53936  2.06514  4.07631  4.41612  3.87188  3.87773  3.45956  3.22032  2.16716  4.88834  3.67441     26 l - - -
          2.68618  4.42225  2.77519  2.73123  3.46354  2.40513  3.72494  3.29354  2.67741  2.69355  4.24690  2.90347  2.73739  3.18146  2.89801  2.37887  2.77519  2.98518  4.58477  3.61503
          0.03377  3.80096  4.52331  0.61958  0.77255  0.48576  0.95510
     24   2.93773  4.33587  4.39455  3.86469  2.96541  4.15396  4.54847  1.66411  3.76524  1.85374  3.15301  4.13315  4.47494  4.00758  3.99083  3.49532  3.19185  1.39102  5.12486  3.88236     27 v - - -
          2.68618  4.42225  2.77519  2.73123  3.46354  2.40513  3.72494  3.29354  2.67741  2.69355  4.24690  2.90347  2.73739  3.18146  2.89801  2.37887  2.77519  2.98518  4.58477  3.61503
          0.03377  3.80096  4.52331  0.61958  0.77255  0.48576  0.95510
     25   2.97552  4.41648  4.23040  3.84495  3.32787  3.98621  4.58753  1.17131  3.67154  1.93072  3.27656  4.10039  4.42592  4.02831  3.87640  3.47607  3.27667  1.84940  5.20258  3.93344     28 i - - -
          2.68618  4.42225  2.77519  2.73123  3.46354  2.40513  3.72494  3.29354  2.67741  2.69355  4.24690  2.90347  2.73739  3.18146  2.89801  2.37887  2.77519  2.98518  4.58477  3.61503
          0.03377  3.80096  4.52331  0.61958  0.77255  0.48576  0.95510
     26   2.33720  3.64884  3.94677  3.40558  3.38676  3.63540  4.17170  2.13744  3.30407  2.21445  2.86113  3.66578  4.08664  3.58777  3.56688  2.96841  2.88373  1.64177  5.01008  3.80539     29 v - - -
          2.68618  4.42225  2.77519  2.73123  3.46354  2.40513  3.72494  3.29354  2.67741  2.69355  4.24690  2.90347  2.73739  3.18146  2.89801  2.37887  2.77519  2.98518  4.58477  3.61503
          0.03377  3.80096  4.52331  0.61958  0.77255  0.48576  0.95510
     27   3.07068  4.52208  4.31583  3.78205  3.03637  4.17456  4.47018  2.15003  3.57617  1.19014  2.23025  4.09680  4.45966  3.86045  3.78418  3.52230  3.31091  2.21291  5.01292  3.83479     30 l - - -
          2.68618  4.42225  2.77519  2.73123  3.46354  2.40513  3.72494  3.29354  2.67741  2.69355  4.24690  2.90347  2.73739  3.18146  2.89801  2.37887  2.77519  2.98518  4.58477  3.61503
          0.03377  3.80096  4.52331  0.61958  0.77255  0.48576  0.95510
     28   2.06613  4.20089  3.28366  2.90263  3.81400  2.04589  3.94926  2.61450  2.88652  2.83439  3.76408  3.20108  3.73258  3.22665  3.22009  2.50792  2.71481  2.67728  5.24222  3.99119     31 g - - -
          2.68618  4.42225  2.77519  2.73123  3.46354  2.40513  3.72494  3.29354  2.67741  2.69355  4.24690  2.90347  2.73739  3.18146  2.89801  2.37887  2.77519  2.98518  4.58477  3.61503
          0.03377  3.80096  4.52331  0.61958  0.77255  0.48576  0.95510
     29   2.42354  4.42276  2.86082  2.62461  4.01087  3.07458  3.83529  3.52458  2.66910  3.16687  4.06023  3.01508  3.71740  2.77987  3.00878  1.53884  2.81545  3.12922  5.35318  4.02350     32 s - - -
          2.68618  4.42225  2.77519  2.73123  3.46354  2.40513  3.72494  3.29354  2.67741  2.69355  4.24690  2.90347  2.73739  3.18146  2.89801  2.37887  2.77519  2.98518  4.58477  3.61503
          0.03377  3.80096  4.52331  0.61958  0.77255  0.48576  0.95510
     30   2.83799  4.29276  4.25168  3.74755  3.45159  3.99152  4.54284  1.45695  3.62393  2.04828  3.29474  4.01681  4.38944  3.93259  3.87288  3.35309  2.87098  1.51905  5.27901  4.07097     33 i - - -
          2.68618  4.42225  2.77519  2.73123  3.46354  2.40513  3.72494  3.29354  2.67741  2.69355  4.24690  2.90347  2.73739  3.18146  2.89801  2.37887  2.77519  2.98518  4.58477  3.61503
          0.03377  3.80096  4.52331  0.61958  0.77255  0.48576  0.95510
     31   1.62144  4.23935  3.53058  3.10057  3.60520  3.29134  4.05220  2.60871  2.98900  2.44523  2.96903  3.38292  3.87630  3.35827  3.28822  2.68648  2.82094  2.40676  5.17602  3.92999     34 a - - -
          2.68618  4.42225  2.77519  2.73123  3.46354  2.40513  3.72494  3.29354  2.67741  2.69355  4.24690  2.90347  2.73739  3.18146  2.89801  2.37887  2.77519  2.98518  4.58477  3.61503
          0.03377  3.80096  4.52331  0.61958  0.77255  0.48576  0.95510
     32   1.60307  4.25310  3.50375  3.12598  3.61686  3.27625  4.08615  2.60445  3.02124  2.16903  3.60501  3.39730  3.88413  3.40338  3.30929  2.69963  2.84871  2.40062  5.19824  3.92439     35 a - - -
          2.68618  4.42225  2.77519  2.73123  3.46354  2.40513  3.72494  3.29354  2.67741  2.69355  4.24690  2.90347  2.73739  3.18146  2.89801  2.37887  2.77519  2.98518  4.58477  3.61503
          0.03377  3.80096  4.52331  0.61958  0.77255  0.48576  0.95510
     33   2.28285  4.20133  3.14714  2.96136  4.00586  2.93267  4.07234  3.51959  3.03020  3.24606  4.17943  3.19651  3.66595  3.38557  3.31724  1.20430  2.75795  3.07047  5.38451  4.08942     36 s - - -
          2.68618  4.42225  2.77519  2.73123  3.46354  2.40513  3.72494  3.29354  2.67741  2.69355  4.24690  2.90347  2.73739  3.18146  2.89801  2.37887  2.77519  2.98518  4.58477  3.61503
          0.03377  3.80096  4.52331  0.61958  0.77255  0.48576  0.95510
     34   2.28485  4.21236  3.87707  3.50042  3.62117  3.47064  4.38491  2.12767  3.40100  2.34443  3.52570  3.69552  4.06814  3.74456  3.65448  2.90301  2.93971  1.33341  5.32824  4.08811     37 v - - -
          2.68618  4.42225  2.77519  2.73123  3.46354  2.40513  3.72494  3.29354  2.67741  2.69355  4.24690  2.90347  2.73739  3.18146  2.89801  2.37887  2.77519  2.98518  4.58477  3.61503
          0.03377  3.80096  4.52331  0.61958  0.77255  0.48576  0.95510
     35   2.89405  4.98552  2.46308  1.13181  4.32332  3.23023  3.81323  3.76306  2.68494  3.39260  4.37169  2.89771  3.83199  3.03163  3.08488  2.88497  3.19839  3.45503  5.50859  4.23288     38 e - - -
          2.68618  4.42225  2.77519  2.73123  3.46354  2.40513  3.72494  3.29354  2.67741  2.69355  4.24690  2.90347  2.73739  3.18146  2.89801  2.37887  2.77519  2.98518  4.58477  3.61503
          0.03377  3.80096  4.52331  0.61958  0.77255  0.48576  0.95510
     36   2.97137  4.36417  4.42233  3.89778  3.34240  4.20370  4.64876  1.65645  3.76558  1.73984  3.18408  4.18223  4.52420  4.04991  3.99968  3.55638  3.22983  1.34530  5.26250  4.05441     39 v - - -
          2.68618  4.42225  2.77519  2.73123  3.46354  2.40513  3.72494  3.29354  2.67741  2.69355  4.24690  2.90347  2.73739  3.18146  2.89801  2.37887  2.77519  2.98518  4.58477  3.61503
          0.03377  3.80096  4.52331  0.61958  0.77255  0.48576  0.95510
     37   2.75414  5.00133  1.34681  2.19053  4.49018  2.57982  3.77698  4.00629  2.80031  3.59418  4.47449  2.74081  3.75261  2.97602  3.33271  2.72507  3.09109  3.59207  5.69285  4.31708     40 d - - -
          2.68618  4.42225  2.77519  2.73123  3.46354  2.40513  3.72494  3.29354  2.67741  2.69355  4.24690  2.90347  2.73739  3.18146  2.89801  2.37887  2.77519  2.98518  4.58477  3.61503
          0.03377  3.80096  4.52331  0.61958  0.77255  0.48576  0.95510
     38   2.68546  4.69801  2.80785  2.52379  3.37880  3.33362  3.64636  3.39397  2.57706  3.00804  3.94259  1.84810  3.84861  2.96772  2.94866  2.74477  2.96931  3.10724  4.85652  2.86063     41 n - - -
          2.68618  4.42225  2.77519  2.73123  3.46354  2.40513  3.72494  3.29354  2.67741  2.69355  4.24690  2.90347  2.73739  3.18146  2.89801  2.37887  2.77519  2.98518  4.58477  3.61503
          0.03377  3.80096  4.52331  0.61958  0.77255  0.48576  0.95510
     39   3.16983  4.59334  4.13998  3.84237  1.13658  3.87336  3.84990  2.70404  3.75154  2.09154  3.44598  3.93956  4.33480  3.93977  3.88891  3.44248  3.47157  2.68916  4.12308  2.50024     42 f - - -
          2.68618  4.42225  2.77519  2.73123  3.46354  2.40513  3.72494  3.29354  2.67741  2.69355  4.24690  2.90347  2.73739  3.18146  2.89801  2.37887  2.77519  2.98518  4.58477  3.61503
          0.03377  3.80096  4.52331  0.61958  0.77255  0.48576  0.95510
     40   2.75202  4.31626  4.02471  3.68739  3.49974  3.64792  4.50205  2.06025  3.55399  2.20055  3.47763  3.88816  4.21368  3.91976  3.77303  3.14836  3.11613  1.12053  5.27146  3.99780     43 v - - -
          2.68618  4.42225  2.77519  2.73123  3.46354  2.40513  3.72494  3.29354  2.67741  2.69355  4.24690  2.90347  2.73739  3.18146  2.89801  2.37887  2.77519  2.98518  4.58477  3.61503
          0.03377  3.80096  4.52331  0.61958  0.77255  0.48576  0.95510
     41   2.91557  5.02779  1.02637  2.29654  4.39597  3.15897  3.87258  3.96848  2.94393  3.59045  4.56872  2.84855  3.80694  3.11291  3.44894  2.88730  3.25327  3.61592  5.57836  4.28296     44 d - - -
          2.68618  4.42225  2.77519  2.73123  3.46354  2.40513  3.72494  3.29354  2.67741  2.69355  4.24690  2.90347  2.73739  3.18146  2.89801  2.37887  2.77519  2.98518  4.58477  3.61503
          0.03377  3.80096  4.52331  0.61958  0.77255  0.48576  0.95510
     42   2.23212  4.16761  3.11483  2.91564  4.16992  1.52181  4.07282  3.52002  3.02137  3.26783  4.15477  3.15745  3.63613  3.34918  3.32902  2.39942  2.30442  3.04850  5.50518  4.28078     45 g - - -
          2.68618  4.42225  2.77519  2.73123  3.46354  2.40513  3.72494  3.29354  2.67741  2.69355  4.24690  2.90347  2.73739  3.18146  2.89801  2.37887  2.77519  2.98518  4.58477  3.61503
          0.03377  3.80096  4.52331  0.61958  0.77255  0.48576  0.95510
     43   2.28285  4.20133  3.14714  2.96136  4.00586  2.93267  4.07234  3.51959  3.03020  3.24606  4.17943  3.19651  3.66595  3.38557  3.31724  1.20430  2.75795  3.07047  5.38451  4.08942     46 s - - -
          2.68618  4.42225  2.77519  2.73123  3.46354  2.40513  3.72494  3.29354  2.67741  2.69355  4.24690  2.90347  2.73739  3.18146  2.89801  2.37887  2.77519  2.98518  4.58477  3.61503
          0.03377  3.80096  4.52331  0.61958  0.77255  0.48576  0.95510
     44   3.07659  4.56108  4.07370  3.71506  3.11149  3.88958  4.39328  2.31389  3.48343  0.96872  3.16014  3.99724  4.33850  3.86897  3.67047  3.45471  3.37483  2.33229  4.96299  3.66921     47 l - - -
          2.68618  4.42225  2.77519  2.73123  3.46354  2.40513  3.72494  3.29354  2.67741  2.69355  4.24690  2.90347  2.73739  3.18146  2.89801  2.37887  2.77519  2.98518  4.58477  3.61503
          0.03377  3.80096  4.52331  0.61958  0.77255  0.48576  0.95510
     45   2.74095  4.80439  2.74106  2.48324  3.55872  3.32170  1.95040  3.60951  2.44052  3.16829  4.07920  2.58582  3.84729  2.91774  2.77517  2.77252  3.02069  3.29164  4.97521  3.47619     48 h - - -
          2.68618  4.42225  2.77519  2.73123  3.46354  2.40513  3.72494  3.29354  2.67741  2.69355  4.24690  2.90347  2.73739  3.18146  2.89801  2.37887  2.77519  2.98518  4.58477  3.61503
          0.03377  3.80096  4.52331  0.61958  0.77255  0.48576  0.95510
     46   2.82755  4.80771  2.85946  2.61508  3.96618  3.32068  3.77207  3.58773  2.44137  3.09704  4.12889  3.07343  3.87437  1.36712  2.72615  2.87926  3.12551  3.32248  5.25195  3.94150     49 q - - -
          2.68618  4.42225  2.77519  2.73123  3.46354  2.40513  3.72494  3.29354  2.67741  2.69355  4.24690  2.90347  2.73739  3.18146  2.89801  2.37887  2.77519  2.98518  4.58477  3.61503
          0.03377  3.80096  4.52331  0.61958  0.77255  0.48576  0.95510
     47   2.37742  4.22173  3.36762  3.11842  3.90857  3.06282  4.14080  3.02712  3.05995  2.89306  3.94970  3.33809  3.76159  3.45884  3.32101  2.57809  1.29932  2.72977  5.35282  4.12573     50 t - - -
          2.68618  4.42225  2.77519  2.73123  3.46354  2.40513  3.72494  3.29354  2.67741  2.69355  4.24690  2.90347  2.73739  3.18146  2.89801  2.37887  2.77519  2.98518  4.58477  3.61503
          0.03377  3.80096  4.52331  0.61958  0.77255  0.48576  0.95510
     48   2.09838  4.19818  3.33431  2.92126  3.77107  3.12722  3.94077  2.59428  2.87430  2.79479  3.72918  3.21731  3.74392  3.22170  3.20521  1.80864  2.71423  2.64151  5.20880  3.95246     51 s - - -
          2.68618  4.42225  2.77519  2.73123  3.46354  2.40513  3.72494  3.29354  2.67741  2.69355  4.24690  2.90347  2.73739  3.18146  2.89801  2.37887  2.77519  2.98518  4.58477  3.61503
          0.03377  3.80096  4.52331  0.61958  0.77255  0.48576  0.95510
     49   2.97552  4.41648  4.23040  3.84495  3.32787  3.98621  4.58753  1.17131  3.67154  1.93072  3.27656  4.10039  4.42592  4.02831  3.87640  3.47607  3.27667  1.84940  5.20258  3.93344     52 i - - -
          2.68618  4.42225  2.77519  2.73123  3.46354  2.40513  3.72494  3.29354  2.67741  2.69355  4.24690  2.90347  2.73739  3.18146  2.89801  2.37887  2.77519  2.98518  4.58477  3.61503
          0.03377  3.80096  4.52331  0.61958  0.77255  0.48576  0.95510
     50   2.92776  4.76854  3.41143  2.93985  4.10501  3.42722  3.77777  3.64321  2.21639  3.17232  4.17606  3.30421  3.93481  3.00314  1.09372  3.01638  3.19961  3.37068  5.21810  4.04961     53 r - - -
          2.68618  4.42225  2.77519  2.73123  3.46354  2.40513  3.72494  3.29354  2.67741  2.69355  4.24690  2.90347  2.73739  3.18146  2.89801  2.37887  2.77519  2.98518  4.58477  3.61503
          0.03377  3.80096  4.52331  0.61958  0.77255  0.48576  0.95510
     51   2.91557  5.02779  1.02637  2.29654  4.39597  3.15897  3.87258  3.96848  2.94393  3.59045  4.56872  2.84855  3.80694  3.11291  3.44894  2.88730  3.25327  3.61592  5.57836  4.28296     54 d - - -
          2.68618  4.42225  2.77519  2.73123  3.46354  2.40513  3.72494  3.29354  2.67741  2.69355  4.24690  2.90347  2.73739  3.18146  2.89801  2.37887  2.77519  2.98518  4.58477  3.61503
          0.03377  3.80096  4.52331  0.61958  0.77255  0.48576  0.95510
     52   2.28285  4.20133  3.14714  2.96136  4.00586  2.93267  4.07234  3.51959  3.03020  3.24606  4.17943  3.19651  3.66595  3.38557  3.31724  1.20430  2.75795  3.07047  5.38451  4.08942     55 s - - -
          2.68618  4.42225  2.77519  2.73123  3.46354  2.40513  3.72494  3.29354  2.67741  2.69355  4.24690  2.90347  2.73739  3.18146  2.89801  2.37887  2.77519  2.98518  4.58477  3.61503
          0.03377  3.80096  4.52331  0.61958  0.77255  0.48576  0.95510
     53   1.12209  4.15948  3.39234  3.18233  3.98328  2.98550  4.21250  3.09835  3.19677  2.98299  4.02430  3.34928  3.71814  3.54498  3.45114  2.51119  2.78368  2.76530  5.41771  4.21035     56 a - - -
          2.68618  4.42225  2.77519  2.73123  3.46354  2.40513  3.72494  3.29354  2.67741  2.69355  4.24690  2.90347  2.73739  3.18146  2.89801  2.37887  2.77519  2.98518  4.58477  3.61503
          0.03377  3.80096  4.52331  0.61958  0.77255  0.48576  0.95510
     54   3.16983  4.59334  4.13998  3.84237  1.13658  3.87336  3.84990  2.70404  3.75154  2.09154  3.44598  3.93956  4.33480  3.93977  3.88891  3.44248  3.47157  2.68916  4.12308  2.50024     57 f - - -
          2.68618  4.42225  2.77519  2.73123  3.46354  2.40513  3.72494  3.29354  2.67741  2.69355  4.24690  2.90347  2.73739  3.18146  2.89801  2.37887  2.77519  2.98518  4.58477  3.61503
          0.03377  3.80096  4.52331  0.61958  0.77255  0.48576  0.95510
     55   2.37742  4.22173  3.36762  3.11842  3.90857  3.06282  4.14080  3.02712  3.05995  2.89306  3.94970  3.33809  3.76159  3.45884  3.32101  2.57809  1.29932  2.72977  5.35282  4.12573     58 t - - -
          2.68618  4.42225  2.77519  2.73123  3.46354  2.40513  3.72494  3.29354  2.67741  2.69355  4.24690  2.90347  2.73739  3.18146  2.89801  2.37887  2.77519  2.98518  4.58477  3.61503
          0.03377  3.80096  4.52331  0.61958  0.77255  0.48576  0.95510
     56   2.66229  4.42959  3.26208  3.09222  4.09036  3.12123  4.17423  3.61892  3.14367  3.25297  4.30101  3.40526  0.97202  3.53472  3.39588  2.82796  3.09865  3.27231  5.29503  4.21064     59 p - - -
          2.68618  4.42225  2.77519  2.73123  3.46354  2.40513  3.72494  3.29354  2.67741  2.69355  4.24690  2.90347  2.73739  3.18146  2.89801  2.37887  2.77519  2.98518  4.58477  3.61503
          0.03377  3.80096  4.52331  0.61958  0.77255  0.48576  0.95510
     57   1.12209  4.15948  3.39234  3.18233  3.98328  2.98550  4.21250  3.09835  3.19677  2.98299  4.02430  3.34928  3.71814  3.54498  3.45114  2.51119  2.78368  2.76530  5.41771  4.21035     60 a - - -
          2.68618  4.42225  2.77519  2.73123  3.46354  2.40513  3.72494  3.29354  2.67741  2.69355  4.24690  2.90347  2.73739  3.18146  2.89801  2.37887  2.77519  2.98518  4.58477  3.61503
          0.03377  3.80096  4.52331  0.61958  0.77255  0.48576  0.95510
     58   2.74095  4.80439  2.74106  2.48324  3.55872  3.32170  1.95040  3.60951  2.44052  3.16829  4.07920  2.58582  3.84729  2.91774  2.77517  2.77252  3.02069  3.29164  4.97521  3.47619     61 h - - -
          2.68618  4.42225  2.77519  2.73123  3.46354  2.40513  3.72494  3.29354  2.67741  2.69355  4.24690  2.90347  2.73739  3.18146  2.89801  2.37887  2.77519  2.98518  4.58477  3.61503
          0.03377  3.80096  4.52331  0.61958  0.77255  0.48576  0.95510
     59   3.22214  4.62139  3.98521  3.67483  2.60060  3.65278  3.81780  3.24421  3.39915  2.65073  3.88118  3.83869  4.16501  3.79066  3.53958  3.42641  3.51932  3.13258  1.04288  2.60673     62 w - - -
          2.68618  4.42225  2.77519  2.73123  3.46354  2.40513  3.72494  3.29354  2.67741  2.69355  4.24690  2.90347  2.73739  3.18146  2.89801  2.37887  2.77519  2.98518  4.58477  3.61503
          0.03377  3.80096  4.52331  0.61958  0.77255  0.48576  0.95510
     60   3.22214  4.62139  3.98521  3.67483  2.60060  3.65278  3.81780  3.24421  3.39915  2.65073  3.88118  3.83869  4.16501  3.79066  3.53958  3.42641  3.51932  3.13258  1.04288  2.60673     63 w - - -
          2.68618  4.42225  2.77519  2.73123  3.46354  2.40513  3.72494  3.29354  2.67741  2.69355  4.24690  2.90347  2.73739  3.18146  2.89801  2.37887  2.77519  2.98518  4.58477  3.61503
          0.03377  3.80096  4.52331  0.61958  0.77255  0.48576  0.95510
     61   3.07659  4.56108  4.07370  3.71506  3.11149  3.88958  4.39328  2.31389  3.48343  0.96872  3.16014  3.99724  4.33850  3.86897  3.67047  3.45471  3.37483  2.33229  4.96299  3.66921     64 l - - -
          2.68618  4.42225  2.77519  2.73123  3.46354  2.40513  3.72494  3.29354  2.67741  2.69355  4.24690  2.90347  2.73739  3.18146  2.89801  2.37887  2.77519  2.98518  4.58477  3.61503
          0.03377  3.80096  4.52331  0.61958  0.77255  0.48576  0.95510
     62   3.14707  4.66502  3.73398  3.45152  2.30118  3.74783  3.59032  3.16655  3.31109  2.63856  3.84955  3.63768  4.22416  3.63433  3.50882  3.29034  3.43388  3.03396  3.94165  1.09362     65 y - - -
          2.68618  4.42225  2.77519  2.73123  3.46354  2.40513  3.72494  3.29354  2.67741  2.69355  4.24690  2.90347  2.73739  3.18146  2.89801  2.37887  2.77519  2.98518  4.58477  3.61503
          0.03377  3.80096  4.52331  0.61958  0.77255  0.48576  0.95510
     63   2.28285  4.20133  3.14714  2.96136  4.00586  2.93267  4.07234  3.51959  3.03020  3.24606  4.17943  3.19651  3.66595  3.38557  3.31724  1.20430  2.75795  3.07047  5.38451  4.08942     66 s - - -
          2.68618  4.42225  2.77519  2.73123  3.46354  2.40513  3.72494  3.29354  2.67741  2.69355  4.24690  2.90347  2.73739  3.18146  2.89801  2.37887  2.77519  2.98518  4.58477  3.61503
          0.03377  3.80096  4.52331  0.61958  0.77255  0.48576  0.95510
     64   2.63228  4.61061  2.94281  2.61429  3.60917  3.30250  1.98861  3.37725  2.47749  2.99136  3.92544  3.04685  3.83279  2.96951  2.79388  2.71968  2.57976  3.08171  5.01967  3.59139     67 h - - -
          2.68618  4.42225  2.77519  2.73123  3.46354  2.40513  3.72494  3.29354  2.67741  2.69355  4.24690  2.90347  2.73739  3.18146  2.89801  2.37887  2.77519  2.98518  4.58477  3.61503
          0.03377  3.80096  4.52331  0.61958  0.77255  0.48576  0.95510
     65   3.13625  4.55621  4.28465  3.85310  1.52051  4.09198  3.92758  2.43208  3.70967  1.64740  3.16576  3.99139  4.43569  3.89331  3.87399  3.47852  3.39130  2.45432  4.21855  2.62613     68 f - - -
          2.68618  4.42225  2.77519  2.73123  3.46354  2.40513  3.72494  3.29354  2.67741  2.69355  4.24690  2.90347  2.73739  3.18146  2.89801  2.37887  2.77519  2.98518  4.58477  3.61503
          0.03377  3.80096  4.52331  0.61958  0.77255  0.48576  0.95510
     66   2.94596  4.34408  4.43736  3.94455  3.40978  4.15980  4.70656  1.45867  3.81510  1.94373  3.25094  4.20219  4.52253  4.11058  4.04436  3.53860  3.22246  1.35021  5.32924  4.11000     69 v - - -
          2.68618  4.42225  2.77519  2.73123  3.46354  2.40513  3.72494  3.29354  2.67741  2.69355  4.24690  2.90347  2.73739  3.18146  2.89801  2.37887  2.77519  2.98518  4.58477  3.61503
          0.03377  3.80096  4.52331  0.61958  0.77255  0.48576  0.95510
     67   1.12209  4.15948  3.39234  3.18233  3.98328  2.98550  4.21250  3.09835  3.19677  2.98299  4.02430  3.34928  3.71814  3.54498  3.45114  2.51119  2.78368  2.76530  5.41771  4.21035     70 a - - -
          2.68618  4.42225  2.77519  2.73123  3.46354  2.40513  3.72494  3.29354  2.67741  2.69355  4.24690  2.90347  2.73739  3.18146  2.89801  2.37887  2.77519  2.98518  4.58477  3.61503
          0.03377  3.80096  4.52331  0.61958  0.77255  0.48576  0.95510
     68   3.07659  4.56108  4.07370  3.71506  3.11149  3.88958  4.39328  2.31389  3.48343  0.96872  3.16014  3.99724  4.33850  3.86897  3.67047  3.45471  3.37483  2.33229  4.96299  3.66921     71 l - - -
          2.68618  4.42225  2.77519  2.73123  3.46354  2.40513  3.72494  3.29354  2.67741  2.69355  4.24690  2.90347  2.73739  3.18146  2.89801  2.37887  2.77519  2.98518  4.58477  3.61503
          0.03377  3.80096  4.52331  0.61958  0.77255  0.48576  0.95510
     69   2.66229  4.42959  3.26208  3.09222  4.09036  3.12123  4.17423  3.61892  3.14367  3.25297  4.30101  3.40526  0.97202  3.53472  3.39588  2.82796  3.09865  3.27231  5.29503  4.21064     72 p - - -
          2.68618  4.42225  2.77519  2.73123  3.46354  2.40513  3.72494  3.29354  2.67741  2.69355  4.24690  2.90347  2.73739  3.18146  2.89801  2.37887  2.77519  2.98518  4.58477  3.61503
          0.03377  3.80096  4.52331  0.61958  0.77255  0.48576  0.95510
     70   2.99313  4.40672  4.38361  3.85290  3.23359  4.18547  4.58457  1.82487  3.70694  1.42678  3.08181  4.14734  4.49624  3.98147  3.93428  3.53266  3.24695  1.56190  5.17385  3.97955     73 l - - -
          2.68618  4.42225  2.77519  2.73123  3.46354  2.40513  3.72494  3.29354  2.67741  2.69355  4.24690  2.90347  2.73739  3.18146  2.89801  2.37887  2.77519  2.98518  4.58477  3.61503
          0.03377  3.80096  4.52331  0.61958  0.77255  0.48576  0.95510
     71   2.58090  4.36140  3.23981  3.13116  4.27098  0.84855  4.25419  3.85468  3.30247  3.51750  4.49405  3.40455  3.75023  3.63261  3.54478  2.75108  3.05665  3.39699  5.38340  4.37106     74 g - - -
          2.68618  4.42225  2.77519  2.73123  3.46354  2.40513  3.72494  3.29354  2.67741  2.69355  4.24690  2.90347  2.73739  3.18146  2.89801  2.37887  2.77519  2.98518  4.58477  3.61503
          0.03377  3.80096  4.52331  0.61958  0.77255  0.48576  0.95510
     72   3.22214  4.62139  3.98521  3.67483  2.60060  3.65278  3.81780  3.24421  3.39915  2.65073  3.88118  3.83869  4.16501  3.79066  3.53958  3.42641  3.51932  3.13258  1.04288  2.60673     75 w - - -
          2.68618  4.42225  2.77519  2.73123  3.46354  2.40513  3.72494  3.29354  2.67741  2.69355  4.24690  2.90347  2.73739  3.18146  2.89801  2.37887  2.77519  2.98518  4.58477  3.61503
          0.03377  3.80096  4.52331  0.61958  0.77255  0.48576  0.95510
     73   2.58090  4.36140  3.23981  3.13116  4.27098  0.84855  4.25419  3.85468  3.30247  3.51750  4.49405  3.40455  3.75023  3.63261  3.54478  2.75108  3.05665  3.39699  5.38340  4.37106     76 g - - -
          2.68618  4.42225  2.77519  2.73123  3.46354  2.40513  3.72494  3.29354  2.67741  2.69355  4.24690  2.90347  2.73739  3.18146  2.89801  2.37887  2.77519  2.98518  4.58477  3.61503
          0.03377  3.80096  4.52331  0.61958  0.77255  0.48576  0.95510
     74   2.43639  4.22328  3.68970  3.15630  3.34393  3.58102  3.99478  2.21053  3.03499  2.19786  2.33144  3.48617  4.00979  3.36459  3.32508  2.72571  2.86129  2.21460  4.93168  3.71178     77 l - - -
          2.68618  4.42225  2.77519  2.73123  3.46354  2.40513  3.72494  3.29354  2.67741  2.69355  4.24690  2.90347  2.73739  3.18146  2.89801  2.37887  2.77519  2.98518  4.58477  3.61503
          0.03377  3.80096  4.52331  0.61958  0.77255  0.48576  0.95510
     75   2.62873  4.28535  4.23202  3.73459  3.47951  3.96102  4.54367  1.62935  3.62154  2.08800  3.32497  4.00057  4.37490  3.92967  3.87621  3.32686  3.10801  1.35197  5.29852  4.08349     78 v - - -
          2.68618  4.42225  2.77519  2.73123  3.46354  2.40513  3.72494  3.29354  2.67741  2.69355  4.24690  2.90347  2.73739  3.18146  2.89801  2.37887  2.77519  2.98518  4.58477  3.61503
          0.03377  3.80096  4.52331  0.61958  0.77255  0.48576  0.95510
     76   1.56394  4.23015  3.51635  3.10111  3.64147  3.25369  4.06012  2.64348  2.99103  2.49521  3.09719  3.37220  3.85668  3.36376  3.28816  2.65844  2.81011  2.43037  5.20309  3.95294     79 a - - -
          2.68618  4.42225  2.77519  2.73123  3.46354  2.40513  3.72494  3.29354  2.67741  2.69355  4.24690  2.90347  2.73739  3.18146  2.89801  2.37887  2.77519  2.98518  4.58477  3.61503
          0.03377  3.80096  4.52331  0.61958  0.77255  0.48576  0.95510
     77   2.98488  4.38511  4.41623  3.87107  3.21294  4.19513  4.57925  1.51850  3.73749  1.69352  2.45624  4.15888  4.48793  3.98404  3.95223  3.53169  3.23010  1.78197  5.14847  3.99476     80 i - - -
          2.68618  4.42225  2.77519  2.73123  3.46354  2.40513  3.72494  3.29354  2.67741  2.69355  4.24690  2.90347  2.73739  3.18146  2.89801  2.37887  2.77519  2.98518  4.58477  3.61503
          0.03377  3.80096  4.52331  0.61958  0.77255  0.48576  0.95510
     78   3.14707  4.66502  3.73398  3.45152  2.30118  3.74783  3.59032  3.16655  3.31109  2.63856  3.84955  3.63768  4.22416  3.63433  3.50882  3.29034  3.43388  3.03396  3.94165  1.09362     81 y - - -
          2.68618  4.42225  2.77519  2.73123  3.46354  2.40513  3.72494  3.29354  2.67741  2.69355  4.24690  2.90347  2.73739  3.18146  2.89801  2.37887  2.77519  2.98518  4.58477  3.61503
          0.03377  3.80096  4.52331  0.61958  0.77255  0.48576  0.95510
     79   2.91557  5.02779  1.02637  2.29654  4.39597  3.15897  3.87258  3.96848  2.94393  3.59045  4.56872  2.84855  3.80694  3.11291  3.44894  2.88730  3.25327  3.61592  5.57836  4.28296     82 d - - -
          2.68618  4.42225  2.77519  2.73123  3.46354  2.40513  3.72494  3.29354  2.67741  2.69355  4.24690  2.90347  2.73739  3.18146  2.89801  2.37887  2.77519  2.98518  4.58477  3.61503
          0.03377  3.80096  4.52331  0.61958  0.77255  0.48576  0.95510
     80   2.92776  4.76854  3.41143  2.93985  4.10501  3.42722  3.77777  3.64321  2.21639  3.17232  4.17606  3.30421  3.93481  3.00314  1.09372  3.01638  3.19961  3.37068  5.21810  4.04961     83 r - - -
          2.68618  4.42225  2.77519  2.73123  3.46354  2.40513  3.72494  3.29354  2.67741  2.69355  4.24690  2.90347  2.73739  3.18146  2.89801  2.37887  2.77519  2.98518  4.58477  3.61503
          0.03377  3.80096  4.52331  0.61958  0.77255  0.48576  0.95510
     81   2.91235  4.97229  3.29229  2.70359  4.36591  3.53628  3.56552  3.73820  1.65880  3.23781  4.12439  3.11137  3.93546  2.71684  1.54415  2.93272  3.10367  3.43505  5.32508  4.13422     84 r - - -
          2.68618  4.42225  2.77519  2.73123  3.46354  2.40513  3.72494  3.29354  2.67741  2.69355  4.24690  2.90347  2.73739  3.18146  2.89801  2.37887  2.77519  2.98518  4.58477  3.61503
          0.03377  3.80096  4.52331  0.61958  0.77255  0.48576  0.95510
     82   2.75202  4.31626  4.02471  3.68739  3.49974  3.64792  4.50205  2.06025  3.55399  2.20055  3.47763  3.88816  4.21368  3.91976  3.77303  3.14836  3.11613  1.12053  5.27146  3.99780     85 v - - -
          2.68618  4.42225  2.77519  2.73123  3.46354  2.40513  3.72494  3.29354  2.67741  2.69355  4.24690  2.90347  2.73739  3.18146  2.89801  2.37887  2.77519  2.98518  4.58477  3.61503
          0.03377  3.80096  4.52331  0.61958  0.77255  0.48576  0.95510
     83   2.66229  4.42959  3.26208  3.09222  4.09036  3.12123  4.17423  3.61892  3.14367  3.25297  4.30101  3.40526  0.97202  3.53472  3.39588  2.82796  3.09865  3.27231  5.29503  4.21064     86 p - - -
          2.68618  4.42225  2.77519  2.73123  3.46354  2.40513  3.72494  3.29354  2.67741  2.69355  4.24690  2.90347  2.73739  3.18146  2.89801  2.37887  2.77519  2.98518  4.58477  3.61503
          0.03377  3.80096  4.52331  0.61958  0.77255  0.48576  0.95510
     84   2.99134  4.36532  4.48255  3.95810  3.34514  4.24909  4.69815  1.48470  3.82989  1.75644  3.17602  4.23621  4.55722  4.10376  4.05613  3.60431  3.24758  1.43313  5.28287  4.08435     87 v - - -
          2.68618  4.42225  2.77519  2.73123  3.46354  2.40513  3.72494  3.29354  2.67741  2.69355  4.24690  2.90347  2.73739  3.18146  2.89801  2.37887  2.77519  2.98518  4.58477  3.61503
          0.03377  3.80096  4.52331  0.61958  0.77255  0.48576  0.95510
     85   3.08034  4.52969  4.32488  3.79332  3.03494  4.18425  4.47985  2.14512  3.58330  1.14217  2.36175  4.10785  4.46858  3.86992  3.79026  3.53483  3.32121  2.20903  5.01698  3.83553     88 l - - -
          2.68618  4.42225  2.77519  2.73123  3.46354  2.40513  3.72494  3.29354  2.67741  2.69355  4.24690  2.90347  2.73739  3.18146  2.89801  2.37887  2.77519  2.98518  4.58477  3.61503
          0.03377  3.80096  4.52331  0.61958  0.77255  0.48576  0.95510
     86   2.92776  4.76854  3.41143  2.93985  4.10501  3.42722  3.77777  3.64321  2.21639  3.17232  4.17606  3.30421  3.93481  3.00314  1.09372  3.01638  3.19961  3.37068  5.21810  4.04961     89 r - - -
          2.68618  4.42225  2.77519  2.73123  3.46354  2.40513  3.72494  3.29354  2.67741  2.69355  4.24690  2.90347  2.73739  3.18146  2.89801  2.37887  2.77519  2.98518  4.58477  3.61503
          0.03377  3.80096  4.52331  0.61958  0.77255  0.48576  0.95510
     87   2.58090  4.36140  3.23981  3.13116  4.27098  0.84855  4.25419  3.85468  3.30247  3.51750  4.49405  3.40455  3.75023  3.63261  3.54478  2.75108  3.05665  3.39699  5.38340  4.37106     90 g - - -
          2.68618  4.42225  2.77519  2.73123  3.46354  2.40513  3.72494  3.29354  2.67741  2.69355  4.24690  2.90347  2.73739  3.18146  2.89801  2.37887  2.77519  2.98518  4.58477  3.61503
          0.03377  3.80096  4.52331  0.61958  0.77255  0.48576  0.95510
     88   2.66229  4.42959  3.26208  3.09222  4.09036  3.12123  4.17423  3.61892  3.14367  3.25297  4.30101  3.40526  0.97202  3.53472  3.39588  2.82796  3.09865  3.27231  5.29503  4.21064     91 p - - -
          2.68618  4.42225  2.77519  2.73123  3.46354  2.40513  3.72494  3.29354  2.67741  2.69355  4.24690  2.90347  2.73739  3.18146  2.89801  2.37887  2.77519  2.98518  4.58477  3.61503
          0.03377  3.80096  4.52331  0.61958  0.77255  0.48576  0.95510
     89   2.45449  4.50704  2.64938  2.49463  4.23512  1.92111  3.85271  3.75200  2.76423  3.38247  4.23960  2.06284  3.69623  3.07621  3.16122  2.54074  2.85685  3.29654  5.51285  4.19289     92 g - - -
          2.68618  4.42225  2.77519  2.73123  3.46354  2.40513  3.72494  3.29354  2.67741  2.69355  4.24690  2.90347  2.73739  3.18146  2.89801  2.37887  2.77519  2.98518  4.58477  3.61503
          0.03377  3.80096  4.52331  0.61958  0.77255  0.48576  0.95510
     90   2.66694  4.65823  2.67420  2.55335  4.01078  3.13813  3.86817  3.70741  2.76681  3.36301  4.32004  1.29139  3.78732  3.14227  3.11776  2.73782  3.04735  3.33688  5.32521  3.96538     93 n - - -
          2.68618  4.42225  2.77519  2.73123  3.46354  2.40513  3.72494  3.29354  2.67741  2.69355  4.24690  2.90347  2.73739  3.18146  2.89801  2.37887  2.77519  2.98518  4.58477  3.61503
          0.03377  3.80096  4.52331  0.61958  0.77255  0.48576  0.95510
     91   1.94438  4.11768  3.19323  2.96030  4.11300  2.88067  4.07387  3.46022  3.02542  3.22282  4.10555  3.16728  3.61926  3.35215  3.33014  1.41391  2.65703  2.98882  5.48776  4.23363     94 s - - -
          2.68618  4.42225  2.77519  2.73123  3.46354  2.40513  3.72494  3.29354  2.67741  2.69355  4.24690  2.90347  2.73739  3.18146  2.89801  2.37887  2.77519  2.98518  4.58477  3.61503
          0.03377  3.80096  4.52331  0.61958  0.77255  0.48576  0.95510
     92   2.96810  4.44496  4.22944  3.68683  3.11537  4.07330  4.41683  2.11814  3.51355  1.50610  1.97320  4.00051  4.39031  3.79893  3.74254  3.40646  3.21643  1.99887  5.03894  3.86568     95 l - - -
          2.68618  4.42225  2.77519  2.73123  3.46354  2.40513  3.72494  3.29354  2.67741  2.69355  4.24690  2.90347  2.73739  3.18146  2.89801  2.37887  2.77519  2.98518  4.58477  3.61503
          0.03377  3.80096  4.52331  0.61958  0.77255  0.48576  0.95510
     93   2.66694  4.65823  2.67420  2.55335  4.01078  3.13813  3.86817  3.70741  2.76681  3.36301  4.32004  1.29139  3.78732  3.14227  3.11776  2.73782  3.04735  3.33688  5.32521  3.96538     96 n - - -
          2.68618  4.42225  2.77519  2.73123  3.46354  2.40513  3.72494  3.29354  2.67741  2.69355  4.24690  2.90347  2.73739  3.18146  2.89801  2.37887  2.77519  2.98518  4.58477  3.61503
          0.03377  3.80096  4.52331  0.61958  0.77255  0.48576  0.95510
     94   2.37742  4.22173  3.36762  3.11842  3.90857  3.06282  4.14080  3.02712  3.05995  2.89306  3.94970  3.33809  3.76159  3.45884  3.32101  2.57809  1.29932  2.72977  5.35282  4.12573     97 t - - -
          2.68618  4.42225  2.77519  2.73123  3.46354  2.40513  3.72494  3.29354  2.67741  2.69355  4.24690  2.90347  2.73739  3.18146  2.89801  2.37887  2.77519  2.98518  4.58477  3.61503
          0.03377  3.80096  4.52331  0.61958  0.77255  0.48576  0.95510
     95   2.58090  4.36140  3.23981  3.13116  4.27098  0.84855  4.25419  3.85468  3.30247  3.51750  4.49405  3.40455  3.75023  3.63261  3.54478  2.75108  3.05665  3.39699  5.38340  4.37106     98 g - - -
          2.68618  4.42225  2.77519  2.73123  3.46354  2.40513  3.72494  3.29354  2.67741  2.69355  4.24690  2.90347  2.73739  3.18146  2.89801  2.37887  2.77519  2.98518  4.58477  3.61503
          0.03377  3.80096  4.52331  0.61958  0.77255  0.48576  0.95510
     96   3.08297  4.52222  4.33481  3.84134  3.06931  4.18006  4.51332  1.93698  3.62072  1.11341  2.98443  4.13745  4.49554  3.93276  3.82525  3.56110  3.33930  2.08157  5.03952  3.79346     99 l - - -
          2.68618  4.42225  2.77519  2.73123  3.46354  2.40513  3.72494  3.29354  2.67741  2.69355  4.24690  2.90347  2.73739  3.18146  2.89801  2.37887  2.77519  2.98518  4.58477  3.61503
          0.03377  3.80096  4.52331  0.61958  0.77255  0.48576  0.95510
     97   2.90914  4.86651  3.08020  2.71737  4.23652  3.40445  3.72410  3.66171  1.14084  3.24338  4.21037  3.14439  3.91126  2.92091  2.42453  2.95683  3.16865  3.37413  5.32200  4.12507    100 k - - -
          2.68618  4.42225  2.77519  2.73123  3.46354  2.40513  3.72494  3.29354  2.67741  2.69355  4.24690  2.90347  2.73739  3.18146  2.89801  2.37887  2.77519  2.98518  4.58477  3.61503
          0.03377  3.80096  4.52331  0.61958  0.77255  0.48576  0.95510
     98   3.04058  4.44881  4.40825  3.85052  3.09641  4.22763  4.53562  1.77537  3.70140  1.43840  2.15450  4.15592  4.48757  3.93422  3.90776  3.55362  3.27286  2.03994  5.06476  3.92597    101 l - - -
          2.68618  4.42225  2.77519  2.73123  3.46354  2.40513  3.72494  3.29354  2.67741  2.69355  4.24690  2.90347  2.73739  3.18146  2.89801  2.37887  2.77519  2.98518  4.58477  3.61503
          0.03377  3.80096  4.52331  0.61958  0.77255  0.48576  0.95510
     99   2.01070  4.13094  3.36296  3.06921  3.97425  2.98983  4.10736  3.02165  3.03595  2.93829  3.91451  3.26749  3.69774  3.39482  3.32268  2.44730  1.57532  2.68448  5.41938  4.19236    102 t - - -
          2.68618  4.42225  2.77519  2.73123  3.46354  2.40513  3.72494  3.29354  2.67741  2.69355  4.24690  2.90347  2.73739  3.18146  2.89801  2.37887  2.77519  2.98518  4.58477  3.61503
          0.03377  3.80096  4.52331  0.61958  0.77255  0.48576  0.95510
    100   2.97552  4.41648  4.23040  3.84495  3.32787  3.98621  4.58753  1.17131  3.67154  1.93072  3.27656  4.10039  4.42592  4.02831  3.87640  3.47607  3.27667  1.84940  5.20258  3.93344    103 i - - -
          2.68618  4.42225  2.77519  2.73123  3.46354  2.40513  3.72494  3.29354  2.67741  2.69355  4.24690  2.90347  2.73739  3.18146  2.89801  2.37887  2.77519  2.98518  4.58477  3.61503
          0.03377  3.80096  4.52331  0.61958  0.77255  0.48576  0.95510
    101   3.05436  4.44340  4.44231  3.93833  3.19551  4.24711  4.62710  1.41420  3.75400  1.50172  3.07461  4.22146  4.54988  4.04855  3.96088  3.62031  3.30831  1.83986  5.15845  3.93090    104 i - - -
          2.68618  4.42225  2.77519  2.73123  3.46354  2.40513  3.72494  3.29354  2.67741  2.69355  4.24690  2.90347  2.73739  3.18146  2.89801  2.37887  2.77519  2.98518  4.58477  3.61503
          0.03377  3.80096  4.52331  0.61958  0.77255  0.48576  0.95510
    102   2.58090  4.36140  3.23981  3.13116  4.27098  0.84855  4.25419  3.85468  3.30247  3.51750  4.49405  3.40455  3.75023  3.63261  3.54478  2.75108  3.05665  3.39699  5.38340  4.37106    105 g - - -
          2.68618  4.42225  2.77519  2.73123  3.46354  2.40513  3.72494  3.29354  2.67741  2.69355  4.24690  2.90347  2.73739  3.18146  2.89801  2.37887  2.77519  2.98518  4.58477  3.61503
          0.03377  3.80096  4.52331  0.61958  0.77255  0.48576  0.95510
    103   3.14707  4.66502  3.73398  3.45152  2.30118  3.74783  3.59032  3.16655  3.31109  2.63856  3.84955  3.63768  4.22416  3.63433  3.50882  3.29034  3.43388  3.03396  3.94165  1.09362    106 y - - -
          2.68618  4.42225  2.77519  2.73123  3.46354  2.40513  3.72494  3.29354  2.67741  2.69355  4.24690  2.90347  2.73739  3.18146  2.89801  2.37887  2.77519  2.98518  4.58477  3.61503
          0.03377  3.80096  4.52331  0.61958  0.77255  0.48576  0.95510
    104   2.75797  4.38239  3.80839  3.38206  3.30253  3.67536  4.21908  2.29535  3.17997  1.36406  3.25084  3.68105  4.15608  3.58034  3.42740  3.07816  2.66361  2.21443  5.07318  3.81741    107 l - - -
          2.68618  4.42225  2.77519  2.73123  3.46354  2.40513  3.72494  3.29354  2.67741  2.69355  4.24690  2.90347  2.73739  3.18146  2.89801  2.37887  2.77519  2.98518  4.58477  3.61503
          0.03377  3.80096  4.52331  0.61958  0.77255  0.48576  0.95510
    105   1.25947  4.09986  3.26726  3.04345  4.11734  2.51703  4.13040  3.38964  3.11343  3.19870  4.09587  3.22222  3.62966  3.42730  3.40160  2.37563  2.67248  2.93993  5.48261  4.27578    108 a - - -
          2.68618  4.42225  2.77519  2.73123  3.46354  2.40513  3.72494  3.29354  2.67741  2.69355  4.24690  2.90347  2.73739  3.18146  2.89801  2.37887  2.77519  2.98518  4.58477  3.61503
          0.03377  3.80096  4.52331  0.61958  0.77255  0.48576  0.95510
    106   2.22622  4.13956  3.25819  2.97656  4.00504  2.95053  4.04161  3.26377  2.96057  3.07689  3.98604  3.19751  3.66046  3.32326  3.25675  2.13640  1.57331  2.86368  5.40041  4.15075    109 t - - -
          2.68618  4.42225  2.77519  2.73123  3.46354  2.40513  3.72494  3.29354  2.67741  2.69355  4.24690  2.90347  2.73739  3.18146  2.89801  2.37887  2.77519  2.98518  4.58477  3.61503
          0.03377  3.80096  4.52331  0.61958  0.77255  0.48576  0.95510
    107   2.91520  4.47603  3.97341  3.56294  3.18012  3.78069  4.31473  2.34874  3.33434  1.78704  1.52237  3.84881  4.24222  3.72179  3.54777  3.25616  3.21981  2.34615  5.01051  3.76509    110 m - - -
          2.68618  4.42225  2.77519  2.73123  3.46354  2.40513  3.72494  3.29354  2.67741  2.69355  4.24690  2.90347  2.73739  3.18146  2.89801  2.37887  2.77519  2.98518  4.58477  3.61503
          0.03377  3.80096  4.52331  0.61958  0.77255  0.48576  0.95510
    108   3.16983  4.59334  4.13998  3.84237  1.13658  3.87336  3.84990  2.70404  3.75154  2.09154  3.44598  3.93956  4.33480  3.93977  3.88891  3.44248  3.47157  2.68916  4.12308  2.50024    111 f - - -
          2.68618  4.42225  2.77519  2.73123  3.46354  2.40513  3.72494  3.29354  2.67741  2.69355  4.24690  2.90347  2.73739  3.18146  2.89801  2.37887  2.77519  2.98518  4.58477  3.61503
          0.03377  3.80096  4.52331  0.61958  0.77255  0.48576  0.95510
    109   2.01070  4.13094  3.36296  3.06921  3.97425  2.98983  4.10736  3.02165  3.03595  2.93829  3.91451  3.26749  3.69774  3.39482  3.32268  2.44730  1.57532  2.68448  5.41938  4.19236    112 t - - -
          2.68618  4.42225  2.77519  2.73123  3.46354  2.40513  3.72494  3.29354  2.67741  2.69355  4.24690  2.90347  2.73739  3.18146  2.89801  2.37887  2.77519  2.98518  4.58477  3.61503
          0.03377  3.80096  4.52331  0.61958  0.77255  0.48576  0.95510
    110   2.95764  4.36341  4.42585  3.94425  3.37394  4.14952  4.69809  1.31040  3.80012  1.89921  3.22477  4.19973  4.51861  4.10233  4.02331  3.53668  3.23755  1.54737  5.30700  4.08306    113 i - - -
          2.68618  4.42225  2.77519  2.73123  3.46354  2.40513  3.72494  3.29354  2.67741  2.69355  4.24690  2.90347  2.73739  3.18146  2.89801  2.37887  2.77519  2.98518  4.58477  3.61503
          0.03377  3.80096  4.52331  0.61958  0.77255  0.48576  0.95510
    111   2.58090  4.36140  3.23981  3.13116  4.27098  0.84855  4.25419  3.85468  3.30247  3.51750  4.49405  3.40455  3.75023  3.63261  3.54478  2.75108  3.05665  3.39699  5.38340  4.37106    114 g - - -
          2.68618  4.42225  2.77519  2.73123  3.46354  2.40513  3.72494  3.29354  2.67741  2.69355  4.24690  2.90347  2.73739  3.18146  2.89801  2.37887  2.77519  2.98518  4.58477  3.61503
          0.03377  3.80096  4.52331  0.61958  0.77255  0.48576  0.95510
    112   2.87466  4.33432  4.29110  3.82500  3.42623  3.99719  4.61009  1.73598  3.67864  2.01233  3.30589  4.07394  4.42373  4.00689  3.91675  3.39206  3.17430  1.21281  5.30362  4.05137    115 v - - -
          2.68618  4.42225  2.77519  2.73123  3.46354  2.40513  3.72494  3.29354  2.67741  2.69355  4.24690  2.90347  2.73739  3.18146  2.89801  2.37887  2.77519  2.98518  4.58477  3.61503
          0.03377  3.80096  4.52331  0.61958  0.77255  0.48576  0.95510
    113   2.66694  4.65823  2.67420  2.55335  4.01078  3.13813  3.86817  3.70741  2.76681  3.36301  4.32004  1.29139  3.78732  3.14227  3.11776  2.73782  3.04735  3.33688  5.32521  3.96538    116 n - - -
          2.68618  4.42225  2.77519  2.73123  3.46354  2.40513  3.72494  3.29354  2.67741  2.69355  4.24690  2.90347  2.73739  3.18146  2.89801  2.37887  2.77519  2.98518  4.58477  3.61503
          0.03377  3.80096  4.52331  0.61958  0.77255  0.48576  0.95510
    114   2.89405  4.98552  2.46308  1.13181  4.32332  3.23023  3.81323  3.76306  2.68494  3.39260  4.37169  2.89771  3.83199  3.03163  3.08488  2.88497  3.19839  3.45503  5.50859  4.23288    117 e - - -
          2.68618  4.42225  2.77519  2.73123  3.46354  2.40513  3.72494  3.29354  2.67741  2.69355  4.24690  2.90347  2.73739  3.18146  2.89801  2.37887  2.77519  2.98518  4.58477  3.61503
          0.03377  3.80096  4.52331  0.61958  0.77255  0.48576  0.95510
    115   3.03855  4.50712  4.25940  3.72973  3.04932  4.12353  4.42756  2.16744  3.51895  1.33107  1.98368  4.04460  4.42604  3.81919  3.73293  3.47237  3.28264  2.21847  5.00181  3.81056    118 l - - -
          2.68618  4.42225  2.77519  2.73123  3.46354  2.40513  3.72494  3.29354  2.67741  2.69355  4.24690  2.90347  2.73739  3.18146  2.89801  2.37887  2.77519  2.98518  4.58477  3.61503
          0.03377  3.80096  4.52331  0.61958  0.77255  0.48576  0.95510
    116   3.22214  4.62139  3.98521  3.67483  2.60060  3.65278  3.81780  3.24421  3.39915  2.65073  3.88118  3.83869  4.16501  3.79066  3.53958  3.42641  3.51932  3.13258  1.04288  2.60673    119 w - - -
          2.68618  4.42225  2.77519  2.73123  3.46354  2.40513  3.72494  3.29354  2.67741  2.69355  4.24690  2.90347  2.73739  3.18146  2.89801  2.37887  2.77519  2.98518  4.58477  3.61503
          0.03377  3.80096  4.52331  0.61958  0.77255  0.48576  0.95510
    117   2.92201  4.74932  3.06096  2.81538  3.23843  3.39034  1.30282  3.61361  2.66059  3.11594  4.15466  3.22693  3.93984  3.18118  2.92975  2.99384  3.22365  3.35028  4.70418  3.19166    120 h - - -
          2.68618  4.42225  2.77519  2.73123  3.46354  2.40513  3.72494  3.29354  2.67741  2.69355  4.24690  2.90347  2.73739  3.18146  2.89801  2.37887  2.77519  2.98518  4.58477  3.61503
          0.03377  3.80096  4.52331  0.61958  0.77255  0.48576  0.95510
    118   3.16983  4.59334  4.13998  3.84237  1.13658  3.87336  3.84990  2.70404  3.75154  2.09154  3.44598  3.93956  4.33480  3.93977  3.88891  3.44248  3.47157  2.68916  4.12308  2.50024    121 f - - -
          2.68618  4.42225  2.77519  2.73123  3.46354  2.40513  3.72494  3.29354  2.67741  2.69355  4.24690  2.90347  2.73739  3.18146  2.89801  2.37887  2.77519  2.98518  4.58477  3.61503
          0.03377  3.80096  4.52331  0.61958  0.77255  0.48576  0.95510
    119   3.22214  4.62139  3.98521  3.67483  2.60060  3.65278  3.81780  3.24421  3.39915  2.65073  3.88118  3.83869  4.16501  3.79066  3.53958  3.42641  3.51932  3.13258  1.04288  2.60673    122 w - - -
          2.68618  4.42225  2.77519  2.73123  3.46354  2.40513  3.72494  3.29354  2.67741  2.69355  4.24690  2.90347  2.73739  3.18146  2.89801  2.37887  2.77519  2.98518  4.58477  3.61503
          0.03377  3.80096  4.52331  0.61958  0.77255  0.48576  0.95510
    120   2.93370  4.39401  4.12387  3.60438  1.78663  3.95651  3.84520  2.49498  3.48007  1.88024  2.65583  3.80195  4.28003  3.67846  3.67931  3.26480  3.16402  2.46756  4.23994  2.51828    123 f - - -
          2.68618  4.42225  2.77519  2.73123  3.46354  2.40513  3.72494  3.29354  2.67741  2.69355  4.24690  2.90347  2.73739  3.18146  2.89801  2.37887  2.77519  2.98518  4.58477  3.61503
          0.03377  3.80096  4.52331  0.61958  0.77255  0.48576  0.95510
    121   2.75202  4.31626  4.02471  3.68739  3.49974  3.64792  4.50205  2.06025  3.55399  2.20055  3.47763  3.88816  4.21368  3.91976  3.77303  3.14836  3.11613  1.12053  5.27146  3.99780    124 v - - -
          2.68618  4.42225  2.77519  2.73123  3.46354  2.40513  3.72494  3.29354  2.67741  2.69355  4.24690  2.90347  2.73739  3.18146  2.89801  2.37887  2.77519  2.98518  4.58477  3.61503
          0.03377  3.80096  4.52331  0.61958  0.77255  0.48576  0.95510
    122   2.89405  4.98552  2.46308  1.13181  4.32332  3.23023  3.81323  3.76306  2.68494  3.39260  4.37169  2.89771  3.83199  3.03163  3.08488  2.88497  3.19839  3.45503  5.50859  4.23288    125 e - - -
          2.68618  4.42225  2.77519  2.73123  3.46354  2.40513  3.72494  3.29354  2.67741  2.69355  4.24690  2.90347  2.73739  3.18146  2.89801  2.37887  2.77519  2.98518  4.58477  3.61503
          0.03377  3.80096  4.52331  0.61958  0.77255  0.48576  0.95510
    123   2.89405  4.98552  2.46308  1.13181  4.32332  3.23023  3.81323  3.76306  2.68494  3.39260  4.37169  2.89771  3.83199  3.03163  3.08488  2.88497  3.19839  3.45503  5.50859  4.23288    126 e - - -
          2.68618  4.42225  2.77519  2.73123  3.46354  2.40513  3.72494  3.29354  2.67741  2.69355  4.24690  2.90347  2.73739  3.18146  2.89801  2.37887  2.77519  2.98518  4.58477  3.61503
          0.03377  3.80096  4.52331  0.61958  0.77255  0.48576  0.95510
    124   2.95597  4.37337  4.39501  3.92587  3.35530  4.12234  4.67675  1.27751  3.76995  1.88756  3.22044  4.17943  4.50366  4.08297  3.99066  3.51749  3.24054  1.62582  5.28736  4.05248    127 i - - -
          2.68618  4.42225  2.77519  2.73123  3.46354  2.40513  3.72494  3.29354  2.67741  2.69355  4.24690  2.90347  2.73739  3.18146  2.89801  2.37887  2.77519  2.98518  4.58477  3.61503
          0.03377  3.80096  4.52331  0.61958  0.77255  0.48576  0.95510
    125   3.16983  4.59334  4.13998  3.84237  1.13658  3.87336  3.84990  2.70404  3.75154  2.09154  3.44598  3.93956  4.33480  3.93977  3.88891  3.44248  3.47157  2.68916  4.12308  2.50024    128 f - - -
          2.68618  4.42225  2.77519  2.73123  3.46354  2.40513  3.72494  3.29354  2.67741  2.69355  4.24690  2.90347  2.73739  3.18146  2.89801  2.37887  2.77519  2.98518  4.58477  3.61503
          0.03377  3.80096  4.52331  0.61958  0.77255  0.48576  0.95510
    126   1.51228  4.08315  3.27269  3.01229  4.09657  2.87412  4.09142  3.40602  3.06014  3.18663  4.06261  3.19262  3.61275  3.37465  3.36159  1.78870  2.63409  2.94146  5.47567  4.24140    129 a - - -
          2.68618  4.42225  2.77519  2.73123  3.46354  2.40513  3.72494  3.29354  2.67741  2.69355  4.24690  2.90347  2.73739  3.18146  2.89801  2.37887  2.77519  2.98518  4.58477  3.61503
          0.03377  3.80096  4.52331  0.61958  0.77255  0.48576  0.95510
    127   2.75202  4.31626  4.02471  3.68739  3.49974  3.64792  4.50205  2.06025  3.55399  2.20055  3.47763  3.88816  4.21368  3.91976  3.77303  3.14836  3.11613  1.12053  5.27146  3.99780    130 v - - -
          2.68618  4.42225  2.77519  2.73123  3.46354  2.40513  3.72494  3.29354  2.67741  2.69355  4.24690  2.90347  2.73739  3.18146  2.89801  2.37887  2.77519  2.98518  4.58477  3.61503
          0.03377  3.80096  4.52331  0.61958  0.77255  0.48576  0.95510
    128   2.66229  4.42959  3.26208  3.09222  4.09036  3.12123  4.17423  3.61892  3.14367  3.25297  4.30101  3.40526  0.97202  3.53472  3.39588  2.82796  3.09865  3.27231  5.29503  4.21064    131 p - - -
          2.68618  4.42225  2.77519  2.73123  3.46354  2.40513  3.72494  3.29354  2.67741  2.69355  4.24690  2.90347  2.73739  3.18146  2.89801  2.37887  2.77519  2.98518  4.58477  3.61503
          0.03377  3.80096  4.52331  0.61958  0.77255  0.48576  0.95510
    129   2.54043  4.62169  2.63075  2.44587  4.16292  3.11033  3.78539  3.68988  2.64542  3.31532  4.18990  1.67695  2.98257  2.99918  3.03782  2.60452  2.90386  3.28663  5.44578  4.10018    132 n - - -
          2.68618  4.42225  2.77519  2.73123  3.46354  2.40513  3.72494  3.29354  2.67741  2.69355  4.24690  2.90347  2.73739  3.18146  2.89801  2.37887  2.77519  2.98518  4.58477  3.61503
          0.03377  3.80096  4.52331  0.61958  0.77255  0.48576  0.95510
    130   2.92201  4.74932  3.06096  2.81538  3.23843  3.39034  1.30282  3.61361  2.66059  3.11594  4.15466  3.22693  3.93984  3.18118  2.92975  2.99384  3.22365  3.35028  4.70418  3.19166    133 h - - -
          2.68618  4.42225  2.77519  2.73123  3.46354  2.40513  3.72494  3.29354  2.67741  2.69355  4.24690  2.90347  2.73739  3.18146  2.89801  2.37887  2.77519  2.98518  4.58477  3.61503
          0.03377  3.80096  4.52331  0.61958  0.77255  0.48576  0.95510
    131   3.22214  4.62139  3.98521  3.67483  2.60060  3.65278  3.81780  3.24421  3.39915  2.65073  3.88118  3.83869  4.16501  3.79066  3.53958  3.42641  3.51932  3.13258  1.04288  2.60673    134 w - - -
          2.68618  4.42225  2.77519  2.73123  3.46354  2.40513  3.72494  3.29354  2.67741  2.69355  4.24690  2.90347  2.73739  3.18146  2.89801  2.37887  2.77519  2.98518  4.58477  3.61503
          0.03377  3.80096  4.52331  0.61958  0.77255  0.48576  0.95510
    132   2.65632  4.26523  3.76716  3.23877  3.27338  3.65391  4.04509  2.17080  3.08776  2.07014  2.17245  3.56160  4.07049  3.42834  3.36191  2.74210  2.92410  2.21337  4.92202  3.68704    135 l - - -
          2.68618  4.42225  2.77519  2.73123  3.46354  2.40513  3.72494  3.29354  2.67741  2.69355  4.24690  2.90347  2.73739  3.18146  2.89801  2.37887  2.77519  2.98518  4.58477  3.61503
          0.03377  3.80096  4.52331  0.61958  0.77255  0.48576  0.95510
    133   3.16983  4.59334  4.13998  3.84237  1.13658  3.87336  3.84990  2.70404  3.75154  2.09154  3.44598  3.93956  4.33480  3.93977  3.88891  3.44248  3.47157  2.68916  4.12308  2.50024    136 f - - -
          2.68618  4.42225  2.77519  2.73123  3.46354  2.40513  3.72494  3.29354  2.67741  2.69355  4.24690  2.90347  2.73739  3.18146  2.89801  2.37887  2.77519  2.98518  4.58477  3.61503
          0.03377  3.80096  4.52331  0.61958  0.77255  0.48576  0.95510
    134   2.66694  4.65823  2.67420  2.55335  4.01078  3.13813  3.86817  3.70741  2.76681  3.36301  4.32004  1.29139  3.78732  3.14227  3.11776  2.73782  3.04735  3.33688  5.32521  3.96538    137 n - - -
          2.68618  4.42225  2.77519  2.73123  3.46354  2.40513  3.72494  3.29354  2.67741  2.69355  4.24690  2.90347  2.73739  3.18146  2.89801  2.37887  2.77519  2.98518  4.58477  3.61503
          0.03377  3.80096  4.52331  0.61958  0.77255  0.48576  0.95510
    135   2.91520  4.47603  3.97341  3.56294  3.18012  3.78069  4.31473  2.34874  3.33434  1.78704  1.52237  3.84881  4.24222  3.72179  3.54777  3.25616  3.21981  2.34615  5.01051  3.76509    138 m - - -
          2.68618  4.42225  2.77519  2.73123  3.46354  2.40513  3.72494  3.29354  2.67741  2.69355  4.24690  2.90347  2.73739  3.18146  2.89801  2.37887  2.77519  2.98518  4.58477  3.61503
          0.03377  3.80096  4.52331  0.61958  0.77255  0.48576  0.95510
    136   2.58090  4.36140  3.23981  3.13116  4.27098  0.84855  4.25419  3.85468  3.30247  3.51750  4.49405  3.40455  3.75023  3.63261  3.54478  2.75108  3.05665  3.39699  5.38340  4.37106    139 g - - -
          2.68618  4.42225  2.77519  2.73123  3.46354  2.40513  3.72494  3.29354  2.67741  2.69355  4.24690  2.90347  2.73739  3.18146  2.89801  2.37887  2.77519  2.98518  4.58477  3.61503
          0.03377  3.80096  4.52331  0.61958  0.77255  0.48576  0.95510
    137   2.89257  4.33642  4.32506  3.85003  3.42418  4.03919  4.63170  1.68942  3.70873  1.99739  3.29291  4.10338  4.44868  4.02906  3.94645  3.42837  3.18542  1.22458  5.31081  4.06687    140 v - - -
          2.68618  4.42225  2.77519  2.73123  3.46354  2.40513  3.72494  3.29354  2.67741  2.69355  4.24690  2.90347  2.73739  3.18146  2.89801  2.37887  2.77519  2.98518  4.58477  3.61503
          0.03377  3.80096  4.52331  0.61958  0.77255  0.48576  0.95510
    138   2.85742  4.33937  4.19239  3.71727  2.71799  3.92670  4.35127  2.02171  3.61261  1.92719  3.21573  3.95791  4.33883  3.87666  3.84288  3.30205  3.14439  1.35903  4.93348  3.57164    141 v - - -
          2.68618  4.42225  2.77519  2.73123  3.46354  2.40513  3.72494  3.29354  2.67741  2.69355  4.24690  2.90347  2.73739  3.18146  2.89801  2.37887  2.77519  2.98518  4.58477  3.61503
          0.03377  3.80096  4.52331  0.61958  0.77255  0.48576  0.95510
    139   2.87122  4.35851  4.19894  3.74108  3.34921  3.94327  4.50977  1.92722  3.56868  1.81555  3.27291  4.00008  4.37638  3.91552  3.80372  3.34276  3.17108  1.28554  5.20738  3.93390    142 v - - -
          2.68618  4.42225  2.77519  2.73123  3.46354  2.40513  3.72494  3.29354  2.67741  2.69355  4.24690  2.90347  2.73739  3.18146  2.89801  2.37887  2.77519  2.98518  4.58477  3.61503
          0.03377  3.80096  4.52331  0.61958  0.77255  0.48576  0.95510
    140   1.12209  4.15948  3.39234  3.18233  3.98328  2.98550  4.21250  3.09835  3.19677  2.98299  4.02430  3.34928  3.71814  3.54498  3.45114  2.51119  2.78368  2.76530  5.41771  4.21035    143 a - - -
          2.68618  4.42225  2.77519  2.73123  3.46354  2.40513  3.72494  3.29354  2.67741  2.69355  4.24690  2.90347  2.73739  3.18146  2.89801  2.37887  2.77519  2.98518  4.58477  3.61503
          0.03377  3.80096  4.52331  0.61958  0.77255  0.48576  0.95510
    141   3.13625  4.55621  4.28465  3.85310  1.52051  4.09198  3.92758  2.43208  3.70967  1.64740  3.16576  3.99139  4.43569  3.89331  3.87399  3.47852  3.39130  2.45432  4.21855  2.62613    144 f - - -
          2.68618  4.42225  2.77519  2.73123  3.46354  2.40513  3.72494  3.29354  2.67741  2.69355  4.24690  2.90347  2.73739  3.18146  2.89801  2.37887  2.77519  2.98518  4.58477  3.61503
          0.03377  3.80096  4.52331  0.61958  0.77255  0.48576  0.95510
    142   2.97385  4.45089  4.22704  3.70318  3.11972  4.06325  4.42636  1.94955  3.51378  1.61961  1.84965  4.00884  4.39451  3.81501  3.73649  3.41301  3.22851  2.11439  5.04340  3.85461    145 l - - -
          2.68618  4.42225  2.77519  2.73123  3.46354  2.40513  3.72494  3.29354  2.67741  2.69355  4.24690  2.90347  2.73739  3.18146  2.89801  2.37887  2.77519  2.98518  4.58477  3.61503
          0.03377  3.80096  4.52331  0.61958  0.77255  0.48576  0.95510
    143   2.58090  4.36140  3.23981  3.13116  4.27098  0.84855  4.25419  3.85468  3.30247  3.51750  4.49405  3.40455  3.75023  3.63261  3.54478  2.75108  3.05665  3.39699  5.38340  4.37106    146 g - - -
          2.68618  4.42225  2.77519  2.73123  3.46354  2.40513  3.72494  3.29354  2.67741  2.69355  4.24690  2.90347  2.73739  3.18146  2.89801  2.37887  2.77519  2.98518  4.58477  3.61503
          0.03377  3.80096  4.52331  0.61958  0.77255  0.48576  0.95510
    144   1.33377  4.08053  3.29232  3.04802  4.07207  2.88224  4.11519  3.33287  3.08714  3.15486  4.05379  3.21557  3.62476  3.40935  3.37530  2.07824  2.64634  2.89227  5.46909  4.23238    147 a - - -
          2.68618  4.42225  2.77519  2.73123  3.46354  2.40513  3.72494  3.29354  2.67741  2.69355  4.24690  2.90347  2.73739  3.18146  2.89801  2.37887  2.77519  2.98518  4.58477  3.61503
          0.03377  3.80096  4.52331  0.61958  0.77255  0.48576  0.95510
    145   3.07659  4.56108  4.07370  3.71506  3.11149  3.88958  4.39328  2.31389  3.48343  0.96872  3.16014  3.99724  4.33850  3.86897  3.67047  3.45471  3.37483  2.33229  4.96299  3.66921    148 l - - -
          2.68618  4.42225  2.77519  2.73123  3.46354  2.40513  3.72494  3.29354  2.67741  2.69355  4.24690  2.90347  2.73739  3.18146  2.89801  2.37887  2.77519  2.98518  4.58477  3.61503
          0.03377  3.80096  4.52331  0.61958  0.77255  0.48576  0.95510
    146   1.12209  4.15948  3.39234  3.18233  3.98328  2.98550  4.21250  3.09835  3.19677  2.98299  4.02430  3.34928  3.71814  3.54498  3.45114  2.51119  2.78368  2.76530  5.41771  4.21035    149 a - - -
          2.68618  4.42225  2.77519  2.73123  3.46354  2.40513  3.72494  3.29354  2.67741  2.69355  4.24690  2.90347  2.73739  3.18146  2.89801  2.37887  2.77519  2.98518  4.58477  3.61503
          0.03377  3.80096  4.52331  0.61958  0.77255  0.48576  0.95510
    147   3.14707  4.66502  3.73398  3.45152  2.30118  3.74783  3.59032  3.16655  3.31109  2.63856  3.84955  3.63768  4.22416  3.63433  3.50882  3.29034  3.43388  3.03396  3.94165  1.09362    150 y - - -
          2.68618  4.42225  2.77519  2.73123  3.46354  2.40513  3.72494  3.29354  2.67741  2.69355  4.24690  2.90347  2.73739  3.18146  2.89801  2.37887  2.77519  2.98518  4.58477  3.61503
          0.03377  3.80096  4.52331  0.61958  0.77255  0.48576  0.95510
    148   2.87122  4.35851  4.19894  3.74108  3.34921  3.94327  4.50977  1.92722  3.56868  1.81555  3.27291  4.00008  4.37638  3.91552  3.80372  3.34276  3.17108  1.28554  5.20738  3.93390    151 v - - -
          2.68618  4.42225  2.77519  2.73123  3.46354  2.40513  3.72494  3.29354  2.67741  2.69355  4.24690  2.90347  2.73739  3.18146  2.89801  2.37887  2.77519  2.98518  4.58477  3.61503
          0.03377  3.80096  4.52331  0.61958  0.77255  0.48576  0.95510
    149   2.86158  4.33247  4.26766  3.80869  3.42787  3.96697  4.59573  1.76599  3.65898  2.02343  3.31564  4.05380  4.40588  3.99261  3.89688  3.36634  3.16636  1.20681  5.29873  4.04067    152 v - - -
          2.68618  4.42225  2.77519  2.73123  3.46354  2.40513  3.72494  3.29354  2.67741  2.69355  4.24690  2.90347  2.73739  3.18146  2.89801  2.37887  2.77519  2.98518  4.58477  3.61503
          0.03377  3.80096  4.52331  0.61958  0.77255  0.48576  0.95510
    150   2.92776  4.76854  3.41143  2.93985  4.10501  3.42722  3.77777  3.64321  2.21639  3.17232  4.17606  3.30421  3.93481  3.00314  1.09372  3.01638  3.19961  3.37068  5.21810  4.04961    153 r - - -
          2.68618  4.42225  2.77519  2.73123  3.46354  2.40513  3.72494  3.29354  2.67741  2.69355  4.24690  2.90347  2.73739  3.18146  2.89801  2.37887  2.77519  2.98518  4.58477  3.61503
          0.03377  3.80096  4.52331  0.61958  0.77255  0.48576  0.95510
    151   2.85459  4.35186  4.17899  3.73293  3.36739  3.91042  4.50730  1.93196  3.56015  1.87688  3.29902  3.98514  4.36027  3.91334  3.79489  3.31804  3.16189  1.25825  5.21714  3.93688    154 v - - -
          2.68618  4.42225  2.77519  2.73123  3.46354  2.40513  3.72494  3.29354  2.67741  2.69355  4.24690  2.90347  2.73739  3.18146  2.89801  2.37887  2.77519  2.98518  4.58477  3.61503
          0.03377  3.80096  4.52331  0.61958  0.77255  0.48576  0.95510
    152   3.14707  4.66502  3.73398  3.45152  2.30118  3.74783  3.59032  3.16655  3.31109  2.63856  3.84955  3.63768  4.22416  3.63433  3.50882  3.29034  3.43388  3.03396  3.94165  1.09362    155 y - - -
          2.68618  4.42225  2.77519  2.73123  3.46354  2.40513  3.72494  3.29354  2.67741  2.69355  4.24690  2.90347  2.73739  3.18146  2.89801  2.37887  2.77519  2.98518  4.58477  3.61503
          0.03377  3.80096  4.52331  0.61958  0.77255  0.48576  0.95510
    153   1.40665  4.12458  3.55133  3.22163  3.82590  3.07038  4.18767  2.73655  3.16207  2.71917  3.78116  3.38390  3.76621  3.50366  3.43613  2.52026  2.73850  2.24647  5.36533  4.12499    156 a - - -
          2.68618  4.42225  2.77519  2.73123  3.46354  2.40513  3.72494  3.29354  2.67741  2.69355  4.24690  2.90347  2.73739  3.18146  2.89801  2.37887  2.77519  2.98518  4.58477  3.61503
          0.03377  3.80096  4.52331  0.61958  0.77255  0.48576  0.95510
    154   2.92776  4.76854  3.41143  2.93985  4.10501  3.42722  3.77777  3.64321  2.21639  3.17232  4.17606  3.30421  3.93481  3.00314  1.09372  3.01638  3.19961  3.37068  5.21810  4.04961    157 r - - -
          2.68618  4.42225  2.77519  2.73123  3.46354  2.40513  3.72494  3.29354  2.67741  2.69355  4.24690  2.90347  2.73739  3.18146  2.89801  2.37887  2.77519  2.98518  4.58477  3.61503
          0.03377  3.80096  4.52331  0.61958  0.77255  0.48576  0.95510
    155   3.07670  4.52646  4.32242  3.78958  3.03522  4.18130  4.47664  2.14699  3.58186  1.16109  2.30495  4.10425  4.46535  3.86668  3.78913  3.53040  3.31710  2.21085  5.01544  3.83623    158 l - - -
          2.68618  4.42225  2.77519  2.73123  3.46354  2.40513  3.72494  3.29354  2.67741  2.69355  4.24690  2.90347  2.73739  3.18146  2.89801  2.37887  2.77519  2.98518  4.58477  3.61503
          0.03377  3.80096  4.52331  0.61958  0.77255  0.48576  0.95510
    156   2.75202  4.31626  4.02471  3.68739  3.49974  3.64792  4.50205  2.06025  3.55399  2.20055  3.47763  3.88816  4.21368  3.91976  3.77303  3.14836  3.11613  1.12053  5.27146  3.99780    159 v - - -
          2.68618  4.42225  2.77519  2.73123  3.46354  2.40513  3.72494  3.29354  2.67741  2.69355  4.24690  2.90347  2.73739  3.18146  2.89801  2.37887  2.77519  2.98518  4.58477  3.61503
          0.03377  3.80096  4.52331  0.61958  0.77255  0.48576  0.95510
    157   2.89405  4.98552  2.46308  1.13181  4.32332  3.23023  3.81323  3.76306  2.68494  3.39260  4.37169  2.89771  3.83199  3.03163  3.08488  2.88497  3.19839  3.45503  5.50859  4.23288    160 e - - -
          2.68618  4.42225  2.77519  2.73123  3.46354  2.40513  3.72494  3.29354  2.67741  2.69355  4.24690  2.90347  2.73739  3.18146  2.89801  2.37887  2.77519  2.98518  4.58477  3.61503
          0.03377  3.80096  4.52331  0.61958  0.77255  0.48576  0.95510
    158   3.07659  4.56108  4.07370  3.71506  3.11149  3.88958  4.39328  2.31389  3.48343  0.96872  3.16014  3.99724  4.33850  3.86897  3.67047  3.45471  3.37483  2.33229  4.96299  3.66921    161 l - - -
          2.68618  4.42225  2.77519  2.73123  3.46354  2.40513  3.72494  3.29354  2.67741  2.69355  4.24690  2.90347  2.73739  3.18146  2.89801  2.37887  2.77519  2.98518  4.58477  3.61503
          0.03377  3.80096  4.52331  0.61958  0.77255  0.48576  0.95510
    159   2.54062  4.57071  2.72058  2.52177  4.14159  1.72772  3.80829  3.64200  2.63092  3.25452  4.14331  2.96508  3.74479  2.47908  2.98680  2.62253  2.90643  3.25291  5.41295  4.11367    162 g - - -
          2.68618  4.42225  2.77519  2.73123  3.46354  2.40513  3.72494  3.29354  2.67741  2.69355  4.24690  2.90347  2.73739  3.18146  2.89801  2.37887  2.77519  2.98518  4.58477  3.61503
          0.03377  3.80096  4.52331  0.61958  0.77255  0.48576  0.95510
    160   2.03921  4.42273  3.10738  2.63012  3.75597  3.29796  3.71672  3.10098  2.55260  2.78900  3.29075  3.06206  3.78176  2.62606  2.92383  2.41542  2.76859  2.81651  5.12110  3.84862    163 a - - -
          2.68618  4.42225  2.77519  2.73123  3.46354  2.40513  3.72494  3.29354  2.67741  2.69355  4.24690  2.90347  2.73739  3.18146  2.89801  2.37887  2.77519  2.98518  4.58477  3.61503
          0.03377  3.80096  4.52331  0.61958  0.77255  0.48576  0.95510
    161   2.89405  4.98552  2.46308  1.13181  4.32332  3.23023  3.81323  3.76306  2.68494  3.39260  4.37169  2.89771  3.83199  3.03163  3.08488  2.88497  3.19839  3.45503  5.50859  4.23288    164 e - - -
          2.68618  4.42225  2.77519  2.73123  3.46354  2.40513  3.72494  3.29354  2.67741  2.69355  4.24690  2.90347  2.73739  3.18146  2.89801  2.37887  2.77519  2.98518  4.58477  3.61503
          0.03377  3.80096  4.52331  0.61958  0.77255  0.48576  0.95510
    162   2.32659  4.24508  3.48056  3.01195  3.62484  3.31106  3.97684  2.63306  2.89551  2.49977  3.01565  3.32820  3.86336  3.26796  3.21026  2.67692  1.90474  2.41691  5.14669  3.91243    165 t - - -
          2.68618  4.42225  2.77519  2.73123  3.46354  2.40513  3.72494  3.29354  2.67741  2.69355  4.24690  2.90347  2.73739  3.18146  2.89801  2.37887  2.77519  2.98518  4.58477  3.61503
          0.03377  3.80096  4.52331  0.61958  0.77255  0.48576  0.95510
    163   2.66229  4.42959  3.26208  3.09222  4.09036  3.12123  4.17423  3.61892  3.14367  3.25297  4.30101  3.40526  0.97202  3.53472  3.39588  2.82796  3.09865  3.27231  5.29503  4.21064    166 p - - -
          2.68618  4.42225  2.77519  2.73123  3.46354  2.40513  3.72494  3.29354  2.67741  2.69355  4.24690  2.90347  2.73739  3.18146  2.89801  2.37887  2.77519  2.98518  4.58477  3.61503
          0.03377  3.80096  4.52331  0.61958  0.77255  0.48576  0.95510
    164   1.49446  4.12960  3.18152  2.90082  4.11570  2.41386  4.02353  3.48230  2.98140  3.19559  4.04438  3.14062  3.03459  3.28553  3.31457  2.35297  2.64424  3.00701  5.46096  4.23427    167 a - - -
          2.68618  4.42225  2.77519  2.73123  3.46354  2.40513  3.72494  3.29354  2.67741  2.69355  4.24690  2.90347  2.73739  3.18146  2.89801  2.37887  2.77519  2.98518  4.58477  3.61503
          0.03377  3.80096  4.52331  0.61958  0.77255  0.48576  0.95510
    165   2.74452  4.96704  2.87273  2.21629  4.30899  3.40440  3.55973  3.70556  1.75459  3.23481  4.06851  2.92131  3.83031  2.70217  2.23725  2.56003  2.96168  3.36794  5.38316  4.09962    168 k - - -
          2.68618  4.42225  2.77519  2.73123  3.46354  2.40513  3.72494  3.29354  2.67741  2.69355  4.24690  2.90347  2.73739  3.18146  2.89801  2.37887  2.77519  2.98518  4.58477  3.61503
          0.03377  3.80096  4.52331  0.61958  0.77255  0.48576  0.95510
    166   2.66694  4.65823  2.67420  2.55335  4.01078  3.13813  3.86817  3.70741  2.76681  3.36301  4.32004  1.29139  3.78732  3.14227  3.11776  2.73782  3.04735  3.33688  5.32521  3.96538    169 n - - -
          2.68618  4.42225  2.77519  2.73123  3.46354  2.40513  3.72494  3.29354  2.67741  2.69355  4.24690  2.90347  2.73739  3.18146  2.89801  2.37887  2.77519  2.98518  4.58477  3.61503
          0.03377  3.80096  4.52331  0.61958  0.77255  0.48576  0.95510
    167   2.66229  4.42959  3.26208  3.09222  4.09036  3.12123  4.17423  3.61892  3.14367  3.25297  4.30101  3.40526  0.97202  3.53472  3.39588  2.82796  3.09865  3.27231  5.29503  4.21064    170 p - - -
          2.68618  4.42225  2.77519  2.73123  3.46354  2.40513  3.72494  3.29354  2.67741  2.69355  4.24690  2.90347  2.73739  3.18146  2.89801  2.37887  2.77519  2.98518  4.58477  3.61503
          0.03377  3.80096  4.52331  0.61958  0.77255  0.48576  0.95510
    168   3.06371  4.69098  3.55819  3.18702  2.22521  3.78486  2.82513  3.28719  3.02214  2.75387  3.84655  3.44400  4.19034  3.37818  3.27576  3.15552  3.30346  3.10347  3.86026  1.39082    171 y - - -
          2.68618  4.42225  2.77519  2.73123  3.46354  2.40513  3.72494  3.29354  2.67741  2.69355  4.24690  2.90347  2.73739  3.18146  2.89801  2.37887  2.77519  2.98518  4.58477  3.61503
          0.03377  3.80096  4.52331  0.61958  0.77255  0.48576  0.95510
    169   2.75202  4.31626  4.02471  3.68739  3.49974  3.64792  4.50205  2.06025  3.55399  2.20055  3.47763  3.88816  4.21368  3.91976  3.77303  3.14836  3.11613  1.12053  5.27146  3.99780    172 v - - -
          2.68618  4.42225  2.77519  2.73123  3.46354  2.40513  3.72494  3.29354  2.67741  2.69355  4.24690  2.90347  2.73739  3.18146  2.89801  2.37887  2.77519  2.98518  4.58477  3.61503
          0.03377  3.80096  4.52331  0.61958  0.77255  0.48576  0.95510
    170   1.12209  4.15948  3.39234  3.18233  3.98328  2.98550  4.21250  3.09835  3.19677  2.98299  4.02430  3.34928  3.71814  3.54498  3.45114  2.51119  2.78368  2.76530  5.41771  4.21035    173 a - - -
          2.68618  4.42225  2.77519  2.73123  3.46354  2.40513  3.72494  3.29354  2.67741  2.69355  4.24690  2.90347  2.73739  3.18146  2.89801  2.37887  2.77519  2.98518  4.58477  3.61503
          0.03377  3.80096  4.52331  0.61958  0.77255  0.48576  0.95510
    171   2.89405  4.98552  2.46308  1.13181  4.32332  3.23023  3.81323  3.76306  2.68494  3.39260  4.37169  2.89771  3.83199  3.03163  3.08488  2.88497  3.19839  3.45503  5.50859  4.23288    174 e - - -
          2.68618  4.42225  2.77519  2.73123  3.46354  2.40513  3.72494  3.29354  2.67741  2.69355  4.24690  2.90347  2.73739  3.18146  2.89801  2.37887  2.77519  2.98518  4.58477  3.61503
          0.03377  3.80096  4.52331  0.61958  0.77255  0.48576  0.95510
    172   3.00367  4.49785  4.18559  3.66998  3.06865  4.05400  4.38008  2.19264  3.44388  1.46505  1.83864  3.98266  4.38612  3.77287  3.66335  3.41328  3.25698  2.22821  4.99325  3.77702    175 l - - -
          2.68618  4.42225  2.77519  2.73123  3.46354  2.40513  3.72494  3.29354  2.67741  2.69355  4.24690  2.90347  2.73739  3.18146  2.89801  2.37887  2.77519  2.98518  4.58477  3.61503
          0.03377  3.80096  4.52331  0.61958  0.77255  0.48576  0.95510
    173   3.14707  4.66502  3.73398  3.45152  2.30118  3.74783  3.59032  3.16655  3.31109  2.63856  3.84955  3.63768  4.22416  3.63433  3.50882  3.29034  3.43388  3.03396  3.94165  1.09362    176 y - - -
          2.68618  4.42225  2.77519  2.73123  3.46354  2.40513  3.72494  3.29354  2.67741  2.69355  4.24690  2.90347  2.73739  3.18146  2.89801  2.37887  2.77519  2.98518  4.58477  3.61503
          0.03377  3.80096  4.52331  0.61958  0.77255  0.48576  0.95510
    174   2.90914  4.86651  3.08020  2.71737  4.23652  3.40445  3.72410  3.66171  1.14084  3.24338  4.21037  3.14439  3.91126  2.92091  2.42453  2.95683  3.16865  3.37413  5.32200  4.12507    177 k - - -
          2.68618  4.42225  2.77519  2.73123  3.46354  2.40513  3.72494  3.29354  2.67741  2.69355  4.24690  2.90347  2.73739  3.18146  2.89801  2.37887  2.77519  2.98518  4.58477  3.61503
          0.03377  3.80096  4.52331  0.61958  0.77255  0.48576  0.95510
    175   3.08582  4.53691  4.32230  3.79606  3.03584  4.18350  4.48157  2.14239  3.57723  1.10639  2.49823  4.10960  4.47249  3.87298  3.78400  3.53942  3.32906  2.20405  5.01874  3.82662    178 l - - -
          2.68618  4.42225  2.77519  2.73123  3.46354  2.40513  3.72494  3.29354  2.67741  2.69355  4.24690  2.90347  2.73739  3.18146  2.89801  2.37887  2.77519  2.98518  4.58477  3.61503
          0.03377  3.80096  4.52331  0.61958  0.77255  0.48576  0.95510
    176   1.12209  4.15948  3.39234  3.18233  3.98328  2.98550  4.21250  3.09835  3.19677  2.98299  4.02430  3.34928  3.71814  3.54498  3.45114  2.51119  2.78368  2.76530  5.41771  4.21035    179 a - - -
          2.68618  4.42225  2.77519  2.73123  3.46354  2.40513  3.72494  3.29354  2.67741  2.69355  4.24690  2.90347  2.73739  3.18146  2.89801  2.37887  2.77519  2.98518  4.58477  3.61503
          0.03377  3.80096  4.52331  0.61958  0.77255  0.48576  0.95510
    177   3.07659  4.56108  4.07370  3.71506  3.11149  3.88958  4.39328  2.31389  3.48343  0.96872  3.16014  3.99724  4.33850  3.86897  3.67047  3.45471  3.37483  2.33229  4.96299  3.66921    180 l - - -
          2.68618  4.42225  2.77519  2.73123  3.46354  2.40513  3.72494  3.29354  2.67741  2.69355  4.24690  2.90347  2.73739  3.18146  2.89801  2.37887  2.77519  2.98518  4.58477  3.61503
          0.03377  3.80096  4.52331  0.61958  0.77255  0.48576  0.95510
    178   2.89405  4.98552  2.46308  1.13181  4.32332  3.23023  3.81323  3.76306  2.68494  3.39260  4.37169  2.89771  3.83199  3.03163  3.08488  2.88497  3.19839  3.45503  5.50859  4.23288    181 e - - -
          2.68618  4.42225  2.77519  2.73123  3.46354  2.40513  3.72494  3.29354  2.67741  2.69355  4.24690  2.90347  2.73739  3.18146  2.89801  2.37887  2.77519  2.98518  4.58477  3.61503
          0.03377  3.80096  4.52331  0.61958  0.77255  0.48576  0.95510
    179   2.58090  4.36140  3.23981  3.13116  4.27098  0.84855  4.25419  3.85468  3.30247  3.51750  4.49405  3.40455  3.75023  3.63261  3.54478  2.75108  3.05665  3.39699  5.38340  4.37106    182 g - - -
          2.68618  4.42225  2.77519  2.73123  3.46354  2.40513  3.72494  3.29354  2.67741  2.69355  4.24690  2.90347  2.73739  3.18146  2.89801  2.37887  2.77519  2.98518  4.58477  3.61503
          0.03377  3.80096  4.52331  0.61958  0.77255  0.48576  0.95510
    180   2.90914  4.86651  3.08020  2.71737  4.23652  3.40445  3.72410  3.66171  1.14084  3.24338  4.21037  3.14439  3.91126  2.92091  2.42453  2.95683  3.16865  3.37413  5.32200  4.12507    183 k - - -
          2.68618  4.42225  2.77519  2.73123  3.46354  2.40513  3.72494  3.29354  2.67741  2.69355  4.24690  2.90347  2.73739  3.18146  2.89801  2.37887  2.77519  2.98518  4.58477  3.61503
          0.03377  3.80096  4.52331  0.61958  0.77255  0.48576  0.95510
    181   3.07659  4.56108  4.07370  3.71506  3.11149  3.88958  4.39328  2.31389  3.48343  0.96872  3.16014  3.99724  4.33850  3.86897  3.67047  3.45471  3.37483  2.33229  4.96299  3.66921    184 l - - -
          2.68618  4.42225  2.77519  2.73123  3.46354  2.40513  3.72494  3.29354  2.67741  2.69355  4.24690  2.90347  2.73739  3.18146  2.89801  2.37887  2.77519  2.98518  4.58477  3.61503
          0.03377  3.80096  4.52331  0.61958  0.77255  0.48576  0.95510
    182   3.14707  4.66502  3.73398  3.45152  2.30118  3.74783  3.59032  3.16655  3.31109  2.63856  3.84955  3.63768  4.22416  3.63433  3.50882  3.29034  3.43388  3.03396  3.94165  1.09362    185 y - - -
          2.68618  4.42225  2.77519  2.73123  3.46354  2.40513  3.72494  3.29354  2.67741  2.69355  4.24690  2.90347  2.73739  3.18146  2.89801  2.37887  2.77519  2.98518  4.58477  3.61503
          0.03377  3.80096  4.52331  0.61958  0.77255  0.48576  0.95510
    183   2.28285  4.20133  3.14714  2.96136  4.00586  2.93267  4.07234  3.51959  3.03020  3.24606  4.17943  3.19651  3.66595  3.38557  3.31724  1.20430  2.75795  3.07047  5.38451  4.08942    186 s - - -
          2.68618  4.42225  2.77519  2.73123  3.46354  2.40513  3.72494  3.29354  2.67741  2.69355  4.24690  2.90347  2.73739  3.18146  2.89801  2.37887  2.77519  2.98518  4.58477  3.61503
          0.03377  3.80096  4.52331  0.61958  0.77255  0.48576  0.95510
    184   2.92776  4.76854  3.41143  2.93985  4.10501  3.42722  3.77777  3.64321  2.21639  3.17232  4.17606  3.30421  3.93481  3.00314  1.09372  3.01638  3.19961  3.37068  5.21810  4.04961    187 r - - -
          2.68618  4.42225  2.77519  2.73123  3.46354  2.40513  3.72494  3.29354  2.67741  2.69355  4.24690  2.90347  2.73739  3.18146  2.89801  2.37887  2.77519  2.98518  4.58477  3.61503
          0.03377  3.80096  4.52331  0.61958  0.77255  0.48576  0.95510
    185   2.28285  4.20133  3.14714  2.96136  4.00586  2.93267  4.07234  3.51959  3.03020  3.24606  4.17943  3.19651  3.66595  3.38557  3.31724  1.20430  2.75795  3.07047  5.38451  4.08942    188 s - - -
          2.68618  4.42225  2.77519  2.73123  3.46354  2.40513  3.72494  3.29354  2.67741  2.69355  4.24690  2.90347  2.73739  3.18146  2.89801  2.37887  2.77519  2.98518  4.58477  3.61503
          0.03377  3.80096  4.52331  0.61958  0.77255  0.48576  0.95510
    186   2.97552  4.41648  4.23040  3.84495  3.32787  3.98621  4.58753  1.17131  3.67154  1.93072  3.27656  4.10039  4.42592  4.02831  3.87640  3.47607  3.27667  1.84940  5.20258  3.93344    189 i - - -
          2.68618  4.42225  2.77519  2.73123  3.46354  2.40513  3.72494  3.29354  2.67741  2.69355  4.24690  2.90347  2.73739  3.18146  2.89801  2.37887  2.77519  2.98518  4.58477  3.61503
          0.03377  3.80096  4.52331  0.61958  0.77255  0.48576  0.95510
    187   2.66229  4.42959  3.26208  3.09222  4.09036  3.12123  4.17423  3.61892  3.14367  3.25297  4.30101  3.40526  0.97202  3.53472  3.39588  2.82796  3.09865  3.27231  5.29503  4.21064    190 p - - -
          2.68618  4.42225  2.77519  2.73123  3.46354  2.40513  3.72494  3.29354  2.67741  2.69355  4.24690  2.90347  2.73739  3.18146  2.89801  2.37887  2.77519  2.98518  4.58477  3.61503
          0.02285  3.79005        *  0.61958  0.77255  0.00000        *
//
