HMMER3/f [3.3 | Nov 2019]
NAME  amoX_Top_Sequences_msa
LENG  119
ALPH  amino
RF    no
MM    no
CONS  yes
CS    no
MAP   yes
DATE  Tue Jan 25 20:29:03 2022
NSEQ  49
EFFN  0.750671
CKSUM 561846687
STATS LOCAL MSV       -9.8939  0.71372
STATS LOCAL VITERBI  -10.7226  0.71372
STATS LOCAL FORWARD   -3.9934  0.71372
HMM          A        C        D        E        F        G        H        I        K        L        M        N        P        Q        R        S        T        V        W        Y   
            m->m     m->i     m->d     i->m     i->i     d->m     d->d
  COMPO   2.38007  4.32617  3.38130  2.91743  3.13540  2.55201  3.98387  2.54887  2.88914  2.44307  3.39607  3.35181  3.52523  3.44207  3.18963  2.66174  2.77966  2.42315  4.26452  3.22614
          2.68618  4.42225  2.77519  2.73123  3.46354  2.40513  3.72494  3.29354  2.67741  2.69355  4.24690  2.90347  2.73739  3.18146  2.89801  2.37887  2.77519  2.98518  4.58477  3.61503
          0.02639  4.04385  4.76620  0.61958  0.77255  0.00000        *
      1   3.11192  4.63538  4.23743  3.84700  3.29390  3.96408  4.54258  2.48711  3.60475  1.86550  1.08388  4.10237  4.42839  3.97694  3.78930  3.47746  3.42205  2.51246  5.15572  3.93108      1 m - - -
          2.68618  4.42225  2.77519  2.73123  3.46354  2.40513  3.72494  3.29354  2.67741  2.69355  4.24690  2.90347  2.73739  3.18146  2.89801  2.37887  2.77519  2.98518  4.58477  3.61503
          0.02639  4.04385  4.76620  0.61958  0.77255  0.48576  0.95510
      2   2.08232  4.19826  3.48426  3.15015  4.18925  3.01920  4.18923  3.49361  3.15029  3.25859  4.11615  3.32928  3.73998  3.46497  3.46077  2.02921  1.34233  3.03847  5.55962  4.34353      2 t - - -
          2.68618  4.42225  2.77519  2.73123  3.46354  2.40513  3.72494  3.29354  2.67741  2.69355  4.24690  2.90347  2.73739  3.18146  2.89801  2.37887  2.77519  2.98518  4.58477  3.61503
          0.02639  4.04385  4.76620  0.61958  0.77255  0.48576  0.95510
      3   2.73557  4.48003  3.49822  2.98671  3.58303  3.62316  3.89948  2.77153  2.31956  1.54823  3.51370  3.37718  4.03939  3.18233  2.95082  2.94600  2.73116  2.60137  5.07579  3.84335      3 l - - -
          2.68618  4.42225  2.77519  2.73123  3.46354  2.40513  3.72494  3.29354  2.67741  2.69355  4.24690  2.90347  2.73739  3.18146  2.89801  2.37887  2.77519  2.98518  4.58477  3.61503
          0.15946  4.04385  2.04128  0.61958  0.77255  0.48576  0.95510
      4   2.80708  4.55765  3.41876  3.26370  4.25560  3.24277  4.33786  3.81162  3.32456  3.43398  4.48550  3.56627  0.75311  3.71206  3.56549  2.97584  3.25191  3.45223  5.43083  4.37678      4 p - - -
          2.68618  4.42225  2.77519  2.73123  3.46354  2.40513  3.72494  3.29354  2.67741  2.69355  4.24690  2.90347  2.73739  3.18146  2.89801  2.37887  2.77519  2.98518  4.58477  3.61503
          0.03009  3.91448  4.63683  0.61958  0.77255  0.60933  0.78464
      5   3.01026  4.97601  3.18907  2.80249  4.37203  3.49536  3.78217  3.80389  0.98225  3.35974  4.31880  3.22516  3.99263  2.97117  2.43927  3.04941  3.26034  3.50926  5.40933  4.22808      5 k - - -
          2.68618  4.42225  2.77519  2.73123  3.46354  2.40513  3.72494  3.29354  2.67741  2.69355  4.24690  2.90347  2.73739  3.18146  2.89801  2.37887  2.77519  2.98518  4.58477  3.61503
          0.03009  3.91448  4.63683  0.61958  0.77255  0.60933  0.78464
      6   2.71718  4.48866  3.39957  3.30421  4.44613  0.66713  4.42209  4.05580  3.49121  3.70471  4.68065  3.56381  3.88115  3.81202  3.72282  2.89026  3.20168  3.57600  5.53037  4.54939      6 G - - -
          2.68618  4.42225  2.77519  2.73123  3.46354  2.40513  3.72494  3.29354  2.67741  2.69355  4.24690  2.90347  2.73739  3.18146  2.89801  2.37887  2.77519  2.98518  4.58477  3.61503
          0.03009  3.91448  4.63683  0.61958  0.77255  0.60933  0.78464
      7   3.40630  4.72525  4.40998  4.04734  1.15001  4.21847  3.49254  3.07750  3.90785  2.43663  3.69737  3.94947  4.54538  3.96331  4.00186  3.58178  3.63677  3.01296  3.67117  1.64898      7 f - - -
          2.68619  4.42229  2.77524  2.73127  3.46358  2.40511  3.72499  3.29358  2.67734  2.69359  4.24694  2.90351  2.73733  3.18133  2.89805  2.37883  2.77512  2.98522  4.58481  3.61507
          0.08430  2.64286  4.63683  1.15159  0.37999  0.60933  0.78464
      8   2.71718  4.48866  3.39957  3.30421  4.44613  0.66713  4.42209  4.05580  3.49121  3.70471  4.68065  3.56381  3.88115  3.81202  3.72282  2.89026  3.20168  3.57600  5.53037  4.54939     14 G - - -
          2.68618  4.42225  2.77519  2.73123  3.46354  2.40513  3.72494  3.29354  2.67741  2.69355  4.24690  2.90347  2.73739  3.18146  2.89801  2.37887  2.77519  2.98518  4.58477  3.61503
          0.03009  3.91448  4.63683  0.61958  0.77255  0.60933  0.78464
      9   2.23515  4.17801  3.28970  3.01673  4.17459  2.94861  4.11208  3.52786  3.04509  3.27271  4.14165  3.22635  3.67742  3.38047  3.35528  1.30295  2.24388  3.05309  5.53690  4.29093     15 s - - -
          2.68618  4.42225  2.77519  2.73123  3.46354  2.40513  3.72494  3.29354  2.67741  2.69355  4.24690  2.90347  2.73739  3.18146  2.89801  2.37887  2.77519  2.98518  4.58477  3.61503
          0.03009  3.91448  4.63683  0.61958  0.77255  0.60933  0.78464
     10   2.28574  4.23579  3.10397  2.96209  4.30865  1.22176  4.16842  3.80006  3.15491  3.49207  4.35063  3.20191  3.68570  3.45337  3.46499  2.21147  2.77744  3.24958  5.62813  4.38472     16 g - - -
          2.68618  4.42225  2.77519  2.73123  3.46354  2.40513  3.72494  3.29354  2.67741  2.69355  4.24690  2.90347  2.73739  3.18146  2.89801  2.37887  2.77519  2.98518  4.58477  3.61503
          0.10628  3.91448  2.51482  0.61958  0.77255  0.60933  0.78464
     11   2.25985  4.24622  2.93041  2.75916  4.24545  1.57087  4.01228  3.72599  2.96371  3.38978  4.22771  2.90677  3.64213  3.26414  3.31355  2.11304  2.72452  3.19776  5.56806  4.28994     17 g - - -
          2.68618  4.42225  2.77519  2.73123  3.46354  2.40513  3.72494  3.29354  2.67741  2.69355  4.24690  2.90347  2.73739  3.18146  2.89801  2.37887  2.77519  2.98518  4.58477  3.61503
          0.06345  3.84064  3.21898  0.61958  0.77255  0.66752  0.71945
     12   1.97609  4.29724  3.12246  2.70689  3.99834  2.73809  3.82520  3.39156  2.68116  3.05324  3.89152  3.06587  3.68094  3.04401  2.75886  2.07898  2.49881  2.99261  5.31869  4.05933     18 a - - -
          2.68630  4.42237  2.77531  2.73135  3.46366  2.40458  3.72506  3.29366  2.67748  2.69367  4.24702  2.90352  2.73751  3.18158  2.89809  2.37844  2.77531  2.98530  4.58489  3.61509
          0.14141  2.11095  4.53297  1.67592  0.20719  0.41013  1.08935
     13   2.60265  4.67997  2.84008  2.58763  4.33141  1.55329  3.85059  3.76116  2.17359  3.37351  4.22187  3.03191  3.82844  3.04284  2.95541  2.57142  2.95648  3.35214  5.55997  4.26278     34 g - - -
          2.68618  4.42225  2.77519  2.73123  3.46354  2.40513  3.72494  3.29354  2.67741  2.69355  4.24690  2.90347  2.73739  3.18146  2.89801  2.37887  2.77519  2.98518  4.58477  3.61503
          0.04273  4.01814  3.73631  0.61958  0.77255  0.51291  0.91317
     14   2.38779  4.81635  2.58392  1.93715  4.37119  1.79394  3.80827  3.78249  2.69635  3.40134  4.24443  2.90015  3.80933  2.98991  3.15169  2.67620  2.97619  3.38614  5.62338  4.27218     35 g - - -
          2.68618  4.42225  2.77519  2.73123  3.46354  2.40513  3.72494  3.29354  2.67741  2.69355  4.24690  2.90347  2.73739  3.18146  2.89801  2.37887  2.77519  2.98518  4.58477  3.61503
          0.10110  4.00291  2.55238  0.61958  0.77255  0.46004  0.99766
     15   1.39526  4.19044  3.34535  3.00847  4.20683  2.84515  4.10189  3.61128  3.05986  3.29264  4.11902  3.23144  3.03939  3.35533  3.40320  1.89200  2.69597  3.11000  5.54642  4.31917     36 a - - -
          2.68618  4.42225  2.77519  2.73123  3.46354  2.40513  3.72494  3.29354  2.67741  2.69355  4.24690  2.90347  2.73739  3.18146  2.89801  2.37887  2.77519  2.98518  4.58477  3.61503
          0.02829  3.97530  4.69764  0.61958  0.77255  0.44471  1.02445
     16   2.44862  4.52154  2.79100  2.62498  4.28263  2.97714  3.89858  3.71667  2.79218  3.33975  4.15840  3.04529  2.81639  3.09094  3.22271  1.44516  2.76820  3.26793  5.56650  4.26053     37 s - - -
          2.68618  4.42225  2.77519  2.73123  3.46354  2.40513  3.72494  3.29354  2.67741  2.69355  4.24690  2.90347  2.73739  3.18146  2.89801  2.37887  2.77519  2.98518  4.58477  3.61503
          0.02639  4.04385  4.76620  0.61958  0.77255  0.48576  0.95510
     17   2.61550  4.87518  3.06198  2.54379  4.26503  3.43448  3.65349  3.66791  2.01897  3.22776  4.05269  3.02227  3.86778  2.80008  2.16020  1.89023  2.94331  3.32081  5.40572  4.11713     38 s - - -
          2.68618  4.42225  2.77519  2.73123  3.46354  2.40513  3.72494  3.29354  2.67741  2.69355  4.24690  2.90347  2.73739  3.18146  2.89801  2.37887  2.77519  2.98518  4.58477  3.61503
          0.02639  4.04385  4.76620  0.61958  0.77255  0.48576  0.95510
     18   1.90138  4.81954  1.85304  2.38831  4.39929  3.21224  3.79951  3.82894  2.70534  3.43395  4.25385  2.89682  3.79622  2.96737  3.19752  2.20113  2.93995  3.40841  5.64679  4.27467     39 d - - -
          2.68618  4.42225  2.77519  2.73123  3.46354  2.40513  3.72494  3.29354  2.67741  2.69355  4.24690  2.90347  2.73739  3.18146  2.89801  2.37887  2.77519  2.98518  4.58477  3.61503
          0.02639  4.04385  4.76620  0.61958  0.77255  0.48576  0.95510
     19   3.00224  5.58815  1.28668  1.57568  4.87207  3.24253  3.80724  4.39826  2.84779  3.89697  4.76015  2.70530  3.87634  2.97761  3.45660  2.87654  3.29555  3.96789  6.04511  4.53085     40 d - - -
          2.68618  4.42225  2.77519  2.73123  3.46354  2.40513  3.72494  3.29354  2.67741  2.69355  4.24690  2.90347  2.73739  3.18146  2.89801  2.37887  2.77519  2.98518  4.58477  3.61503
          0.02639  4.04385  4.76620  0.61958  0.77255  0.48576  0.95510
     20   3.12264  4.43034  4.85102  4.35865  3.59063  4.48147  5.06998  1.22391  4.24702  2.08551  3.39234  4.57191  4.79105  4.50937  4.44134  3.87394  3.38956  1.20551  5.56916  4.36492     41 v - - -
          2.68618  4.42225  2.77519  2.73123  3.46354  2.40513  3.72494  3.29354  2.67741  2.69355  4.24690  2.90347  2.73739  3.18146  2.89801  2.37887  2.77519  2.98518  4.58477  3.61503
          0.02639  4.04385  4.76620  0.61958  0.77255  0.48576  0.95510
     21   2.82073  5.12006  2.43232  1.21985  4.52779  3.27459  3.79610  3.98475  2.67247  3.56869  4.42876  2.84475  3.86565  2.96974  3.13790  2.39687  3.12459  3.59621  5.74170  4.33704     42 e - - -
          2.68618  4.42225  2.77519  2.73123  3.46354  2.40513  3.72494  3.29354  2.67741  2.69355  4.24690  2.90347  2.73739  3.18146  2.89801  2.37887  2.77519  2.98518  4.58477  3.61503
          0.02639  4.04385  4.76620  0.61958  0.77255  0.48576  0.95510
     22   3.10957  5.20430  3.55037  2.85676  4.67557  3.71167  3.63312  4.01409  1.45043  3.44431  4.32065  3.24526  4.07467  2.76789  1.33988  3.10418  3.26823  3.69942  5.47294  4.32141     43 r - - -
          2.68618  4.42225  2.77519  2.73123  3.46354  2.40513  3.72494  3.29354  2.67741  2.69355  4.24690  2.90347  2.73739  3.18146  2.89801  2.37887  2.77519  2.98518  4.58477  3.61503
          0.02639  4.04385  4.76620  0.61958  0.77255  0.48576  0.95510
     23   3.11192  4.63538  4.23743  3.84700  3.29390  3.96408  4.54258  2.48711  3.60475  1.86550  1.08388  4.10237  4.42839  3.97694  3.78930  3.47746  3.42205  2.51246  5.15572  3.93108     44 m - - -
          2.68618  4.42225  2.77519  2.73123  3.46354  2.40513  3.72494  3.29354  2.67741  2.69355  4.24690  2.90347  2.73739  3.18146  2.89801  2.37887  2.77519  2.98518  4.58477  3.61503
          0.02639  4.04385  4.76620  0.61958  0.77255  0.48576  0.95510
     24   3.16624  4.54171  4.57255  4.19745  3.49489  4.24639  4.89663  0.88779  4.02889  2.04939  3.40719  4.41921  4.66410  4.36156  4.20629  3.76107  3.46359  1.86577  5.41889  4.16984     45 i - - -
          2.68618  4.42225  2.77519  2.73123  3.46354  2.40513  3.72494  3.29354  2.67741  2.69355  4.24690  2.90347  2.73739  3.18146  2.89801  2.37887  2.77519  2.98518  4.58477  3.61503
          0.02639  4.04385  4.76620  0.61958  0.77255  0.48576  0.95510
     25   2.89175  4.64698  3.60037  3.52314  4.65621  0.50765  4.63001  4.30039  3.72754  3.93209  4.91143  3.76511  4.04344  4.03838  3.94193  3.06908  3.38634  3.79563  5.70309  4.76495     46 G - - -
          2.68618  4.42225  2.77519  2.73123  3.46354  2.40513  3.72494  3.29354  2.67741  2.69355  4.24690  2.90347  2.73739  3.18146  2.89801  2.37887  2.77519  2.98518  4.58477  3.61503
          0.02639  4.04385  4.76620  0.61958  0.77255  0.48576  0.95510
     26   3.11141  5.19895  3.55293  2.86229  4.66794  3.71182  3.63621  4.00766  1.50675  3.44075  4.31913  3.24918  4.07660  2.77215  1.28918  3.10789  3.27093  3.69465  5.47073  4.31984     47 r - - -
          2.68618  4.42225  2.77519  2.73123  3.46354  2.40513  3.72494  3.29354  2.67741  2.69355  4.24690  2.90347  2.73739  3.18146  2.89801  2.37887  2.77519  2.98518  4.58477  3.61503
          0.02639  4.04385  4.76620  0.61958  0.77255  0.48576  0.95510
     27   3.20772  5.02871  3.71672  3.19592  4.42716  3.65873  3.96173  3.98343  2.32464  3.46833  4.46675  3.54114  4.15543  3.17591  0.74565  3.28529  3.46356  3.70064  5.44220  4.32021     48 r - - -
          2.68618  4.42225  2.77519  2.73123  3.46354  2.40513  3.72494  3.29354  2.67741  2.69355  4.24690  2.90347  2.73739  3.18146  2.89801  2.37887  2.77519  2.98518  4.58477  3.61503
          0.02639  4.04385  4.76620  0.61958  0.77255  0.48576  0.95510
     28   2.76439  4.30451  4.17235  3.68130  3.62476  3.81902  4.48849  1.98780  3.56644  2.35399  3.50144  3.91796  4.30164  3.88103  3.82365  3.19092  2.32404  1.21574  5.33029  4.11140     49 v - - -
          2.68618  4.42225  2.77519  2.73123  3.46354  2.40513  3.72494  3.29354  2.67741  2.69355  4.24690  2.90347  2.73739  3.18146  2.89801  2.37887  2.77519  2.98518  4.58477  3.61503
          0.02639  4.04385  4.76620  0.61958  0.77255  0.48576  0.95510
     29   3.10954  5.24610  2.57315  0.80409  4.61532  3.39167  3.99761  4.10381  2.90050  3.69481  4.66470  3.04339  4.00543  3.21186  3.32463  3.07648  3.41620  3.77123  5.75454  4.48097     50 e - - -
          2.68618  4.42225  2.77519  2.73123  3.46354  2.40513  3.72494  3.29354  2.67741  2.69355  4.24690  2.90347  2.73739  3.18146  2.89801  2.37887  2.77519  2.98518  4.58477  3.61503
          0.02639  4.04385  4.76620  0.61958  0.77255  0.48576  0.95510
     30   2.81149  5.23221  2.16482  2.22570  4.44178  3.30189  2.86451  4.01769  2.59053  3.54124  4.36336  1.64455  3.84161  2.86454  3.09831  2.75333  3.07612  3.62503  5.66128  4.21161     51 n - - -
          2.68618  4.42225  2.77519  2.73123  3.46354  2.40513  3.72494  3.29354  2.67741  2.69355  4.24690  2.90347  2.73739  3.18146  2.89801  2.37887  2.77519  2.98518  4.58477  3.61503
          0.02639  4.04385  4.76620  0.61958  0.77255  0.48576  0.95510
     31   2.84182  4.48549  3.72271  3.27218  3.20280  3.71945  3.58337  2.74695  3.00891  2.20704  1.42814  3.59502  4.15776  3.45142  3.25089  3.09656  3.11040  2.65690  4.83890  3.47440     52 m - - -
          2.68618  4.42225  2.77519  2.73123  3.46354  2.40513  3.72494  3.29354  2.67741  2.69355  4.24690  2.90347  2.73739  3.18146  2.89801  2.37887  2.77519  2.98518  4.58477  3.61503
          0.02639  4.04385  4.76620  0.61958  0.77255  0.48576  0.95510
     32   2.59549  4.61150  3.13246  2.57472  3.60344  3.45375  3.67762  3.11322  2.04580  2.86228  3.71728  2.99197  3.85089  2.87307  2.83116  2.68721  2.17608  2.79303  5.15774  3.86848     53 k - - -
          2.68618  4.42225  2.77519  2.73123  3.46354  2.40513  3.72494  3.29354  2.67741  2.69355  4.24690  2.90347  2.73739  3.18146  2.89801  2.37887  2.77519  2.98518  4.58477  3.61503
          0.02639  4.04385  4.76620  0.61958  0.77255  0.48576  0.95510
     33   2.38643  4.39275  3.32773  3.22055  4.48171  0.82073  4.39876  3.95270  3.42036  3.66313  4.57504  3.43619  3.84845  3.72043  3.69396  2.66362  2.99556  3.42346  5.73968  4.58785     54 g - - -
          2.68618  4.42225  2.77519  2.73123  3.46354  2.40513  3.72494  3.29354  2.67741  2.69355  4.24690  2.90347  2.73739  3.18146  2.89801  2.37887  2.77519  2.98518  4.58477  3.61503
          0.02639  4.04385  4.76620  0.61958  0.77255  0.48576  0.95510
     34   3.23922  4.56218  4.85915  4.29224  3.14171  4.51596  4.83984  1.58536  4.15652  1.22359  2.20195  4.53624  4.71484  4.27880  4.27993  3.85832  3.46314  2.12206  5.18511  4.11096     55 l - - -
          2.68618  4.42225  2.77519  2.73123  3.46354  2.40513  3.72494  3.29354  2.67741  2.69355  4.24690  2.90347  2.73739  3.18146  2.89801  2.37887  2.77519  2.98518  4.58477  3.61503
          0.02639  4.04385  4.76620  0.61958  0.77255  0.48576  0.95510
     35   2.93798  4.38824  4.20666  3.70322  2.87382  3.99972  4.07899  1.46017  3.53946  2.11973  3.30913  3.91096  4.35491  3.80365  3.73404  3.33195  3.18074  2.24056  4.56151  2.18635     56 i - - -
          2.68618  4.42225  2.77519  2.73123  3.46354  2.40513  3.72494  3.29354  2.67741  2.69355  4.24690  2.90347  2.73739  3.18146  2.89801  2.37887  2.77519  2.98518  4.58477  3.61503
          0.02639  4.04385  4.76620  0.61958  0.77255  0.48576  0.95510
     36   2.75188  4.30807  4.04669  3.52706  3.54023  3.80462  4.34685  1.71475  3.42327  2.29448  3.42847  3.81078  4.24980  3.73087  3.69836  3.14587  1.85608  1.84799  5.21267  3.99951     57 i - - -
          2.68618  4.42225  2.77519  2.73123  3.46354  2.40513  3.72494  3.29354  2.67741  2.69355  4.24690  2.90347  2.73739  3.18146  2.89801  2.37887  2.77519  2.98518  4.58477  3.61503
          0.02639  4.04385  4.76620  0.61958  0.77255  0.48576  0.95510
     37   2.47595  4.19991  4.06056  3.50181  3.35637  3.32684  4.19375  1.72891  3.40012  1.92125  3.29370  3.77015  4.19653  3.66446  3.63916  3.11982  2.95522  1.85396  4.95573  3.75442     58 i - - -
          2.68618  4.42225  2.77519  2.73123  3.46354  2.40513  3.72494  3.29354  2.67741  2.69355  4.24690  2.90347  2.73739  3.18146  2.89801  2.37887  2.77519  2.98518  4.58477  3.61503
          0.02639  4.04385  4.76620  0.61958  0.77255  0.48576  0.95510
     38   2.15914  4.30214  3.30713  2.90422  3.60725  1.97567  4.00284  3.47717  2.93986  3.15859  3.99990  3.21211  3.75366  3.24556  3.31515  1.70722  2.75374  3.05791  5.42409  4.16296     59 s - - -
          2.68618  4.42225  2.77519  2.73123  3.46354  2.40513  3.72494  3.29354  2.67741  2.69355  4.24690  2.90347  2.73739  3.18146  2.89801  2.37887  2.77519  2.98518  4.58477  3.61503
          0.02639  4.04385  4.76620  0.61958  0.77255  0.48576  0.95510
     39   2.21748  4.36058  3.98069  3.47487  1.79781  3.81914  3.76609  2.76787  3.38037  2.39516  3.44015  3.67619  4.20165  3.59921  3.60442  3.12505  3.08518  2.60440  4.22560  2.08065     60 f - - -
          2.68618  4.42225  2.77519  2.73123  3.46354  2.40513  3.72494  3.29354  2.67741  2.69355  4.24690  2.90347  2.73739  3.18146  2.89801  2.37887  2.77519  2.98518  4.58477  3.61503
          0.02639  4.04385  4.76620  0.61958  0.77255  0.48576  0.95510
     40   2.56491  4.16830  4.21199  3.63501  3.14516  3.85246  4.15251  1.64410  3.49132  2.00138  3.14924  3.84129  4.20436  3.72081  3.66676  3.15398  2.95806  2.03191  3.12088  3.54988     61 i - - -
          2.68618  4.42225  2.77519  2.73123  3.46354  2.40513  3.72494  3.29354  2.67741  2.69355  4.24690  2.90347  2.73739  3.18146  2.89801  2.37887  2.77519  2.98518  4.58477  3.61503
          0.02639  4.04385  4.76620  0.61958  0.77255  0.48576  0.95510
     41   1.79843  4.34099  3.85221  3.31178  3.37485  3.73458  4.14200  2.41556  3.20045  1.81242  2.69879  3.64216  4.14707  3.51054  3.48796  3.04483  2.99474  2.29507  5.03169  3.82846     62 a - - -
          2.68618  4.42225  2.77519  2.73123  3.46354  2.40513  3.72494  3.29354  2.67741  2.69355  4.24690  2.90347  2.73739  3.18146  2.89801  2.37887  2.77519  2.98518  4.58477  3.61503
          0.02639  4.04385  4.76620  0.61958  0.77255  0.48576  0.95510
     42   1.48098  3.00082  3.81560  3.31891  3.62528  3.29141  4.12562  2.76226  3.21901  2.32736  3.59473  3.50335  3.89007  3.51205  3.48909  2.58271  2.78336  2.50111  5.11545  3.90405     63 a - - -
          2.68618  4.42225  2.77519  2.73123  3.46354  2.40513  3.72494  3.29354  2.67741  2.69355  4.24690  2.90347  2.73739  3.18146  2.89801  2.37887  2.77519  2.98518  4.58477  3.61503
          0.02639  4.04385  4.76620  0.61958  0.77255  0.48576  0.95510
     43   3.05024  4.51449  4.25113  3.72684  2.62164  4.04120  3.91724  2.46130  3.47084  1.87905  3.31471  3.89971  4.38262  3.76220  3.65322  3.36980  3.28649  2.58846  1.63202  2.75823     64 w - - -
          2.68618  4.42225  2.77519  2.73123  3.46354  2.40513  3.72494  3.29354  2.67741  2.69355  4.24690  2.90347  2.73739  3.18146  2.89801  2.37887  2.77519  2.98518  4.58477  3.61503
          0.02639  4.04385  4.76620  0.61958  0.77255  0.48576  0.95510
     44   2.10830  4.22127  3.88577  3.33086  3.37616  3.46029  4.09820  2.12067  3.23970  1.81723  3.31781  3.63454  4.11453  3.52174  3.51241  3.01195  2.91556  2.03086  4.94753  3.74010     65 l - - -
          2.68618  4.42225  2.77519  2.73123  3.46354  2.40513  3.72494  3.29354  2.67741  2.69355  4.24690  2.90347  2.73739  3.18146  2.89801  2.37887  2.77519  2.98518  4.58477  3.61503
          0.02639  4.04385  4.76620  0.61958  0.77255  0.48576  0.95510
     45   1.03804  4.16657  3.46636  3.22473  4.32921  2.39520  4.29435  3.69333  3.30668  3.43332  4.27264  3.34836  3.71504  3.58490  3.59881  2.33487  2.73465  3.15571  5.68732  4.48384     66 a - - -
          2.68618  4.42225  2.77519  2.73123  3.46354  2.40513  3.72494  3.29354  2.67741  2.69355  4.24690  2.90347  2.73739  3.18146  2.89801  2.37887  2.77519  2.98518  4.58477  3.61503
          0.02639  4.04385  4.76620  0.61958  0.77255  0.48576  0.95510
     46   2.51358  4.35788  3.58954  3.35360  4.12937  3.19047  4.35665  3.27779  3.29996  3.13511  4.17721  3.53264  3.90896  3.68689  3.54819  2.71711  0.91127  2.95401  5.55191  4.34703     67 t - - -
          2.68618  4.42225  2.77519  2.73123  3.46354  2.40513  3.72494  3.29354  2.67741  2.69355  4.24690  2.90347  2.73739  3.18146  2.89801  2.37887  2.77519  2.98518  4.58477  3.61503
          0.02639  4.04385  4.76620  0.61958  0.77255  0.48576  0.95510
     47   1.93255  4.25761  3.97198  3.43402  1.99983  3.74134  3.84782  2.67264  3.32237  2.30836  3.33283  3.65107  4.13115  3.55746  3.54347  3.04395  2.97802  2.50645  3.33108  2.91860     68 a - - -
          2.68618  4.42225  2.77519  2.73123  3.46354  2.40513  3.72494  3.29354  2.67741  2.69355  4.24690  2.90347  2.73739  3.18146  2.89801  2.37887  2.77519  2.98518  4.58477  3.61503
          0.02639  4.04385  4.76620  0.61958  0.77255  0.48576  0.95510
     48   2.26488  4.26228  3.50477  3.05207  2.55126  1.85985  3.97615  2.95497  3.03189  2.69848  3.63604  3.35297  3.87898  3.33002  3.35986  2.67780  2.81285  2.61367  5.04115  3.74300     69 g - - -
          2.68618  4.42225  2.77519  2.73123  3.46354  2.40513  3.72494  3.29354  2.67741  2.69355  4.24690  2.90347  2.73739  3.18146  2.89801  2.37887  2.77519  2.98518  4.58477  3.61503
          0.02639  4.04385  4.76620  0.61958  0.77255  0.48576  0.95510
     49   2.89175  4.64698  3.60037  3.52314  4.65621  0.50765  4.63001  4.30039  3.72754  3.93209  4.91143  3.76511  4.04344  4.03838  3.94193  3.06908  3.38634  3.79563  5.70309  4.76495     70 G - - -
          2.68618  4.42225  2.77519  2.73123  3.46354  2.40513  3.72494  3.29354  2.67741  2.69355  4.24690  2.90347  2.73739  3.18146  2.89801  2.37887  2.77519  2.98518  4.58477  3.61503
          0.02639  4.04385  4.76620  0.61958  0.77255  0.48576  0.95510
     50   2.71399  4.29546  4.04231  3.53975  3.60668  3.73620  4.37160  2.06983  3.43417  2.37883  3.49682  3.80055  4.22228  3.74900  3.70860  3.09560  1.99628  1.42834  5.26715  4.04769     71 v - - -
          2.68618  4.42225  2.77519  2.73123  3.46354  2.40513  3.72494  3.29354  2.67741  2.69355  4.24690  2.90347  2.73739  3.18146  2.89801  2.37887  2.77519  2.98518  4.58477  3.61503
          0.02639  4.04385  4.76620  0.61958  0.77255  0.48576  0.95510
     51   1.80836  4.31489  3.69744  3.16149  2.92279  3.65073  3.78084  2.80742  3.05141  2.48080  3.43984  3.46979  4.04912  3.35161  3.33527  2.93879  2.93434  2.60484  2.92172  2.56973     72 a - - -
          2.68618  4.42225  2.77519  2.73123  3.46354  2.40513  3.72494  3.29354  2.67741  2.69355  4.24690  2.90347  2.73739  3.18146  2.89801  2.37887  2.77519  2.98518  4.58477  3.61503
          0.02639  4.04385  4.76620  0.61958  0.77255  0.48576  0.95510
     52   1.76271  4.24775  4.00250  3.59590  3.76573  3.47752  4.44921  2.30936  3.51681  2.56096  3.66702  3.75261  4.09471  3.82261  3.77070  2.89862  2.96236  1.34934  5.40598  4.18831     73 v - - -
          2.68618  4.42225  2.77519  2.73123  3.46354  2.40513  3.72494  3.29354  2.67741  2.69355  4.24690  2.90347  2.73739  3.18146  2.89801  2.37887  2.77519  2.98518  4.58477  3.61503
          0.02639  4.04385  4.76620  0.61958  0.77255  0.48576  0.95510
     53   1.95183  4.25640  3.33677  3.17685  4.43781  1.08110  4.33129  3.81791  3.34231  3.55539  4.42027  3.35097  3.75759  3.62334  3.63502  2.49861  2.82714  3.26979  5.75884  4.56572     74 g - - -
          2.68618  4.42225  2.77519  2.73123  3.46354  2.40513  3.72494  3.29354  2.67741  2.69355  4.24690  2.90347  2.73739  3.18146  2.89801  2.37887  2.77519  2.98518  4.58477  3.61503
          0.02639  4.04385  4.76620  0.61958  0.77255  0.48576  0.95510
     54   2.68778  3.42492  4.18501  3.61686  2.32773  3.78526  3.94497  2.42331  3.48473  2.19347  3.20014  3.76823  4.14695  3.67654  3.63785  3.08396  2.92205  2.06072  4.46124  2.14434     75 v - - -
          2.68618  4.42225  2.77519  2.73123  3.46354  2.40513  3.72494  3.29354  2.67741  2.69355  4.24690  2.90347  2.73739  3.18146  2.89801  2.37887  2.77519  2.98518  4.58477  3.61503
          0.02639  4.04385  4.76620  0.61958  0.77255  0.48576  0.95510
     55   2.60517  4.22334  3.93129  3.38280  2.20024  3.70340  4.09157  2.34317  3.29172  2.20848  3.27779  3.66032  4.11507  3.55575  3.54798  3.01150  2.13442  2.08939  4.87060  3.62630     76 v - - -
          2.68618  4.42225  2.77519  2.73123  3.46354  2.40513  3.72494  3.29354  2.67741  2.69355  4.24690  2.90347  2.73739  3.18146  2.89801  2.37887  2.77519  2.98518  4.58477  3.61503
          0.02639  4.04385  4.76620  0.61958  0.77255  0.48576  0.95510
     56   2.98979  4.53059  3.99551  3.55766  2.57434  3.88642  3.80581  2.77678  3.40313  2.43267  3.58622  3.74926  4.30484  3.68746  3.62365  3.24422  3.25843  2.16027  4.22949  1.32431     77 y - - -
          2.68618  4.42225  2.77519  2.73123  3.46354  2.40513  3.72494  3.29354  2.67741  2.69355  4.24690  2.90347  2.73739  3.18146  2.89801  2.37887  2.77519  2.98518  4.58477  3.61503
          0.02639  4.04385  4.76620  0.61958  0.77255  0.48576  0.95510
     57   3.50332  4.92254  4.09535  3.85968  2.31961  4.03299  3.71168  3.48961  3.71245  2.89852  4.14737  3.94051  4.50416  3.97680  3.85975  3.62177  3.79158  3.36864  3.96896  0.72228     78 y - - -
          2.68618  4.42225  2.77519  2.73123  3.46354  2.40513  3.72494  3.29354  2.67741  2.69355  4.24690  2.90347  2.73739  3.18146  2.89801  2.37887  2.77519  2.98518  4.58477  3.61503
          0.02639  4.04385  4.76620  0.61958  0.77255  0.48576  0.95510
     58   2.09385  4.28711  3.24993  2.99858  4.28726  3.02821  4.14840  3.67069  3.07879  3.37634  4.23119  3.25060  1.39258  3.40389  3.40746  2.26479  2.79157  3.18249  5.62889  4.38291     79 p - - -
          2.68618  4.42225  2.77519  2.73123  3.46354  2.40513  3.72494  3.29354  2.67741  2.69355  4.24690  2.90347  2.73739  3.18146  2.89801  2.37887  2.77519  2.98518  4.58477  3.61503
          0.02639  4.04385  4.76620  0.61958  0.77255  0.48576  0.95510
     59   3.63565  4.94660  4.36308  4.11375  2.86226  3.93049  4.12682  3.66985  3.83396  3.03377  4.29520  4.22900  4.46316  4.21267  3.93110  3.83758  3.94542  3.56484  0.60067  2.85591     80 W - - -
          2.68618  4.42225  2.77519  2.73123  3.46354  2.40513  3.72494  3.29354  2.67741  2.69355  4.24690  2.90347  2.73739  3.18146  2.89801  2.37887  2.77519  2.98518  4.58477  3.61503
          0.02639  4.04385  4.76620  0.61958  0.77255  0.48576  0.95510
     60   0.79240  4.28581  3.64411  3.44710  4.23031  3.10504  4.44784  3.38202  3.46797  3.25540  4.27105  3.55098  3.86081  3.79396  3.70443  2.63598  2.92540  3.00652  5.64021  4.46063     81 a - - -
          2.68618  4.42225  2.77519  2.73123  3.46354  2.40513  3.72494  3.29354  2.67741  2.69355  4.24690  2.90347  2.73739  3.18146  2.89801  2.37887  2.77519  2.98518  4.58477  3.61503
          0.02639  4.04385  4.76620  0.61958  0.77255  0.48576  0.95510
     61   3.50332  4.92254  4.09535  3.85968  2.31961  4.03299  3.71168  3.48961  3.71245  2.89852  4.14737  3.94051  4.50416  3.97680  3.85975  3.62177  3.79158  3.36864  3.96896  0.72228     82 y - - -
          2.68618  4.42225  2.77519  2.73123  3.46354  2.40513  3.72494  3.29354  2.67741  2.69355  4.24690  2.90347  2.73739  3.18146  2.89801  2.37887  2.77519  2.98518  4.58477  3.61503
          0.02639  4.04385  4.76620  0.61958  0.77255  0.48576  0.95510
     62   2.16998  4.36525  3.29859  3.09111  4.27234  3.10361  4.23122  3.60915  3.15958  3.33612  4.27892  3.34431  1.15032  3.51170  3.45916  2.61071  2.90881  3.18499  5.62393  4.40093     83 p - - -
          2.68618  4.42225  2.77519  2.73123  3.46354  2.40513  3.72494  3.29354  2.67741  2.69355  4.24690  2.90347  2.73739  3.18146  2.89801  2.37887  2.77519  2.98518  4.58477  3.61503
          0.02639  4.04385  4.76620  0.61958  0.77255  0.48576  0.95510
     63   2.59397  4.25872  3.61208  3.06482  2.62056  3.57448  3.90526  2.66196  2.99451  2.13862  3.34922  3.41791  3.27862  3.29200  3.30835  2.85734  2.10044  2.47178  4.85049  3.59546     84 t - - -
          2.68618  4.42225  2.77519  2.73123  3.46354  2.40513  3.72494  3.29354  2.67741  2.69355  4.24690  2.90347  2.73739  3.18146  2.89801  2.37887  2.77519  2.98518  4.58477  3.61503
          0.02639  4.04385  4.76620  0.61958  0.77255  0.48576  0.95510
     64   2.15221  4.50351  3.04254  2.64805  4.17298  3.18341  3.85208  3.59246  2.71157  3.22103  4.04245  2.81511  2.21428  2.98275  3.12990  2.01461  2.71032  3.18001  5.46350  4.16912     85 s - - -
          2.68618  4.42225  2.77519  2.73123  3.46354  2.40513  3.72494  3.29354  2.67741  2.69355  4.24690  2.90347  2.73739  3.18146  2.89801  2.37887  2.77519  2.98518  4.58477  3.61503
          0.02639  4.04385  4.76620  0.61958  0.77255  0.48576  0.95510
     65   2.40727  4.32823  3.36405  3.19107  4.25140  3.05536  4.29453  3.79882  3.27652  3.50690  4.42066  3.38595  3.80900  3.61291  3.55497  0.85910  2.90083  3.29597  5.61072  4.33674     86 s - - -
          2.68618  4.42225  2.77519  2.73123  3.46354  2.40513  3.72494  3.29354  2.67741  2.69355  4.24690  2.90347  2.73739  3.18146  2.89801  2.37887  2.77519  2.98518  4.58477  3.61503
          0.02639  4.04385  4.76620  0.61958  0.77255  0.48576  0.95510
     66   1.95183  4.25640  3.33677  3.17685  4.43781  1.08110  4.33129  3.81791  3.34231  3.55539  4.42027  3.35097  3.75759  3.62334  3.63502  2.49861  2.82714  3.26979  5.75884  4.56572     87 g - - -
          2.68618  4.42225  2.77519  2.73123  3.46354  2.40513  3.72494  3.29354  2.67741  2.69355  4.24690  2.90347  2.73739  3.18146  2.89801  2.37887  2.77519  2.98518  4.58477  3.61503
          0.02639  4.04385  4.76620  0.61958  0.77255  0.48576  0.95510
     67   2.68748  4.39153  3.55597  2.99155  3.29332  3.65329  2.24854  2.53443  2.85270  2.22825  2.63350  3.38576  4.02460  3.21209  3.17403  2.91493  2.91849  2.57263  4.83753  3.52809     88 l - - -
          2.68618  4.42225  2.77519  2.73123  3.46354  2.40513  3.72494  3.29354  2.67741  2.69355  4.24690  2.90347  2.73739  3.18146  2.89801  2.37887  2.77519  2.98518  4.58477  3.61503
          0.02639  4.04385  4.76620  0.61958  0.77255  0.48576  0.95510
     68   3.67157  4.90459  4.63902  4.33090  1.37413  4.41011  3.48228  3.36164  4.17721  2.68859  3.95787  4.08546  4.71935  4.14431  4.21103  3.78098  3.89364  3.28646  3.62103  1.05687     89 y - - -
          2.68618  4.42225  2.77519  2.73123  3.46354  2.40513  3.72494  3.29354  2.67741  2.69355  4.24690  2.90347  2.73739  3.18146  2.89801  2.37887  2.77519  2.98518  4.58477  3.61503
          0.02639  4.04385  4.76620  0.61958  0.77255  0.48576  0.95510
     69   0.79240  4.28581  3.64411  3.44710  4.23031  3.10504  4.44784  3.38202  3.46797  3.25540  4.27105  3.55098  3.86081  3.79396  3.70443  2.63598  2.92540  3.00652  5.64021  4.46063     90 a - - -
          2.68618  4.42225  2.77519  2.73123  3.46354  2.40513  3.72494  3.29354  2.67741  2.69355  4.24690  2.90347  2.73739  3.18146  2.89801  2.37887  2.77519  2.98518  4.58477  3.61503
          0.02639  4.04385  4.76620  0.61958  0.77255  0.48576  0.95510
     70   3.33542  4.67698  4.73800  4.24715  1.75098  4.43776  4.35510  2.38033  4.09988  1.08850  3.01572  4.38893  4.68112  4.19574  4.20573  3.80429  3.56450  2.49386  4.59547  3.12332     91 l - - -
          2.68618  4.42225  2.77519  2.73123  3.46354  2.40513  3.72494  3.29354  2.67741  2.69355  4.24690  2.90347  2.73739  3.18146  2.89801  2.37887  2.77519  2.98518  4.58477  3.61503
          0.02639  4.04385  4.76620  0.61958  0.77255  0.48576  0.95510
     71   2.51669  4.24935  3.61394  3.12404  3.60089  3.42202  4.02882  1.89995  3.05067  2.59705  3.55413  3.42962  3.94565  3.37201  3.36164  2.09861  2.31962  2.43638  5.09069  3.86196     92 i - - -
          2.68618  4.42225  2.77519  2.73123  3.46354  2.40513  3.72494  3.29354  2.67741  2.69355  4.24690  2.90347  2.73739  3.18146  2.89801  2.37887  2.77519  2.98518  4.58477  3.61503
          0.02639  4.04385  4.76620  0.61958  0.77255  0.48576  0.95510
     72   2.79047  3.72239  4.49864  4.05390  3.67104  3.82763  4.74691  1.98312  3.90540  2.36235  3.56551  4.14526  4.37646  4.20190  4.09970  3.26123  3.14634  0.94301  5.44993  4.21613     93 v - - -
          2.68618  4.42225  2.77519  2.73123  3.46354  2.40513  3.72494  3.29354  2.67741  2.69355  4.24690  2.90347  2.73739  3.18146  2.89801  2.37887  2.77519  2.98518  4.58477  3.61503
          0.02639  4.04385  4.76620  0.61958  0.77255  0.48576  0.95510
     73   3.35231  4.76558  4.46398  4.10777  3.20911  4.19811  4.70998  2.42577  3.87385  0.68969  3.18417  4.36656  4.60602  4.20093  4.02059  3.79373  3.63989  2.50700  5.14729  3.90912     94 L - - -
          2.68618  4.42225  2.77519  2.73123  3.46354  2.40513  3.72494  3.29354  2.67741  2.69355  4.24690  2.90347  2.73739  3.18146  2.89801  2.37887  2.77519  2.98518  4.58477  3.61503
          0.02639  4.04385  4.76620  0.61958  0.77255  0.48576  0.95510
     74   1.95371  4.18850  3.51457  3.18192  4.17546  3.02149  4.20668  3.44643  3.17500  3.23813  4.10389  3.34736  3.74476  3.48935  3.47803  2.22869  1.31274  3.00364  5.55531  4.34325     95 t - - -
          2.68618  4.42225  2.77519  2.73123  3.46354  2.40513  3.72494  3.29354  2.67741  2.69355  4.24690  2.90347  2.73739  3.18146  2.89801  2.37887  2.77519  2.98518  4.58477  3.61503
          0.02639  4.04385  4.76620  0.61958  0.77255  0.48576  0.95510
     75   3.13410  4.43385  4.86728  4.36369  3.57154  4.51065  5.06580  1.21770  4.25119  2.03162  3.37145  4.58317  4.80164  4.50680  4.44374  3.89541  3.39504  1.23334  5.55361  4.35487     96 i - - -
          2.68618  4.42225  2.77519  2.73123  3.46354  2.40513  3.72494  3.29354  2.67741  2.69355  4.24690  2.90347  2.73739  3.18146  2.89801  2.37887  2.77519  2.98518  4.58477  3.61503
          0.02639  4.04385  4.76620  0.61958  0.77255  0.48576  0.95510
     76   3.12650  4.47647  4.73990  4.27830  3.50293  4.38529  4.98535  0.99453  4.12700  1.99344  3.33786  4.49404  4.73538  4.41450  4.31804  3.79704  3.40708  1.62995  5.49185  4.27140     97 i - - -
          2.68618  4.42225  2.77519  2.73123  3.46354  2.40513  3.72494  3.29354  2.67741  2.69355  4.24690  2.90347  2.73739  3.18146  2.89801  2.37887  2.77519  2.98518  4.58477  3.61503
          0.02639  4.04385  4.76620  0.61958  0.77255  0.48576  0.95510
     77   2.76211  4.75398  2.95431  1.59382  3.91944  3.50055  3.83239  2.30799  2.65651  2.82207  3.82979  3.10642  3.96262  3.03469  3.05658  2.85599  3.01673  2.77375  5.34318  4.02620     98 e - - -
          2.68618  4.42225  2.77519  2.73123  3.46354  2.40513  3.72494  3.29354  2.67741  2.69355  4.24690  2.90347  2.73739  3.18146  2.89801  2.37887  2.77519  2.98518  4.58477  3.61503
          0.02639  4.04385  4.76620  0.61958  0.77255  0.48576  0.95510
     78   1.75777  4.20709  3.64500  3.08847  3.36178  3.53499  3.90645  2.56256  3.00247  2.43001  3.36308  3.42002  3.96092  3.30160  3.30422  2.71904  2.81330  2.21172  3.91560  3.61511     99 a - - -
          2.68618  4.42225  2.77519  2.73123  3.46354  2.40513  3.72494  3.29354  2.67741  2.69355  4.24690  2.90347  2.73739  3.18146  2.89801  2.37887  2.77519  2.98518  4.58477  3.61503
          0.02639  4.04385  4.76620  0.61958  0.77255  0.48576  0.95510
     79   3.12818  4.45112  4.80682  4.24949  2.56692  4.41245  4.73394  1.37099  4.13210  1.53003  3.05170  4.44899  4.65579  4.26805  4.25801  3.75258  3.36008  1.84656  5.11991  3.94310    100 i - - -
          2.68618  4.42225  2.77519  2.73123  3.46354  2.40513  3.72494  3.29354  2.67741  2.69355  4.24690  2.90347  2.73739  3.18146  2.89801  2.37887  2.77519  2.98518  4.58477  3.61503
          0.02639  4.04385  4.76620  0.61958  0.77255  0.48576  0.95510
     80   2.38318  4.39126  3.32680  3.21935  4.48117  0.82297  4.39773  3.95101  3.41905  3.66185  4.57331  3.43473  3.84735  3.71899  3.69291  2.66156  2.99353  3.42158  5.74008  4.58743    101 g - - -
          2.68618  4.42225  2.77519  2.73123  3.46354  2.40513  3.72494  3.29354  2.67741  2.69355  4.24690  2.90347  2.73739  3.18146  2.89801  2.37887  2.77519  2.98518  4.58477  3.61503
          0.02639  4.04385  4.76620  0.61958  0.77255  0.48576  0.95510
     81   3.19684  4.57461  4.40430  3.93774  1.67997  4.14935  3.67205  2.89410  3.79984  2.32520  2.93685  3.95009  4.47112  3.90655  3.92733  3.46923  3.42197  2.81074  3.91712  1.39982    102 y - - -
          2.68618  4.42225  2.77519  2.73123  3.46354  2.40513  3.72494  3.29354  2.67741  2.69355  4.24690  2.90347  2.73739  3.18146  2.89801  2.37887  2.77519  2.98518  4.58477  3.61503
          0.02639  4.04385  4.76620  0.61958  0.77255  0.48576  0.95510
     82   3.22930  4.54240  4.86539  4.31729  2.84439  4.51908  4.81502  1.34705  4.19373  1.30347  3.01099  4.54046  4.73312  4.32207  4.32177  3.86943  3.45935  2.02014  5.15128  3.97095    103 l - - -
          2.68618  4.42225  2.77519  2.73123  3.46354  2.40513  3.72494  3.29354  2.67741  2.69355  4.24690  2.90347  2.73739  3.18146  2.89801  2.37887  2.77519  2.98518  4.58477  3.61503
          0.02639  4.04385  4.76620  0.61958  0.77255  0.48576  0.95510
     83   3.58692  4.82355  4.69883  4.35465  0.92384  4.39230  3.50979  3.25755  4.17274  2.58028  3.83284  4.09946  4.69067  4.14074  4.19153  3.74848  3.80417  3.19020  2.91846  1.87108    104 f - - -
          2.68618  4.42225  2.77519  2.73123  3.46354  2.40513  3.72494  3.29354  2.67741  2.69355  4.24690  2.90347  2.73739  3.18146  2.89801  2.37887  2.77519  2.98518  4.58477  3.61503
          0.02639  4.04385  4.76620  0.61958  0.77255  0.48576  0.95510
     84   2.57625  2.31476  4.18784  3.62440  3.29616  3.76539  4.19892  1.81864  3.49194  2.22631  2.92025  3.81669  4.16959  3.73423  3.67985  2.98567  2.91954  2.04019  4.88478  3.68996    105 i - - -
          2.68618  4.42225  2.77519  2.73123  3.46354  2.40513  3.72494  3.29354  2.67741  2.69355  4.24690  2.90347  2.73739  3.18146  2.89801  2.37887  2.77519  2.98518  4.58477  3.61503
          0.02639  4.04385  4.76620  0.61958  0.77255  0.48576  0.95510
     85   2.76745  4.21603  4.22337  3.64649  3.07181  3.88794  4.14265  2.33207  3.49662  1.87014  2.88520  3.85859  4.22957  3.72439  3.67351  3.18818  3.00049  1.59304  2.97342  3.47283    106 v - - -
          2.68618  4.42225  2.77519  2.73123  3.46354  2.40513  3.72494  3.29354  2.67741  2.69355  4.24690  2.90347  2.73739  3.18146  2.89801  2.37887  2.77519  2.98518  4.58477  3.61503
          0.02639  4.04385  4.76620  0.61958  0.77255  0.48576  0.95510
     86   3.13606  5.09952  3.32297  2.91645  4.52532  3.60336  3.86520  3.96619  0.82557  3.49548  4.45079  3.33218  4.09415  3.04919  2.47887  3.16864  3.37811  3.66543  5.51184  4.35077    107 k - - -
          2.68618  4.42225  2.77519  2.73123  3.46354  2.40513  3.72494  3.29354  2.67741  2.69355  4.24690  2.90347  2.73739  3.18146  2.89801  2.37887  2.77519  2.98518  4.58477  3.61503
          0.02639  4.04385  4.76620  0.61958  0.77255  0.48576  0.95510
     87   3.09037  4.42523  4.76264  4.27677  3.59729  4.40148  5.00641  1.53032  4.15784  2.11609  3.41374  4.49452  4.74127  4.43845  4.36396  3.79546  3.36498  0.99495  5.55143  4.33255    108 v - - -
          2.68618  4.42225  2.77519  2.73123  3.46354  2.40513  3.72494  3.29354  2.67741  2.69355  4.24690  2.90347  2.73739  3.18146  2.89801  2.37887  2.77519  2.98518  4.58477  3.61503
          0.02639  4.04385  4.76620  0.61958  0.77255  0.48576  0.95510
     88   2.04319  4.24194  3.88007  3.34066  3.43286  3.65079  4.13743  2.37167  3.24728  2.29191  2.26098  3.63095  4.09669  3.53690  3.52474  2.97143  2.78931  1.92907  5.02122  3.81971    109 v - - -
          2.68618  4.42225  2.77519  2.73123  3.46354  2.40513  3.72494  3.29354  2.67741  2.69355  4.24690  2.90347  2.73739  3.18146  2.89801  2.37887  2.77519  2.98518  4.58477  3.61503
          0.02639  4.04385  4.76620  0.61958  0.77255  0.48576  0.95510
     89   2.60420  4.78570  2.93018  1.95429  4.02986  2.99572  3.22715  3.44324  2.42677  3.05077  3.18600  2.94369  3.81197  2.78898  2.87478  2.63999  2.60025  3.12399  5.29647  3.96588    110 e - - -
          2.68618  4.42225  2.77519  2.73123  3.46354  2.40513  3.72494  3.29354  2.67741  2.69355  4.24690  2.90347  2.73739  3.18146  2.89801  2.37887  2.77519  2.98518  4.58477  3.61503
          0.02639  4.04385  4.76620  0.61958  0.77255  0.48576  0.95510
     90   3.10954  5.24610  2.57315  0.80409  4.61532  3.39167  3.99761  4.10381  2.90050  3.69481  4.66470  3.04339  4.00543  3.21186  3.32463  3.07648  3.41620  3.77123  5.75454  4.48097    111 e - - -
          2.68618  4.42225  2.77519  2.73123  3.46354  2.40513  3.72494  3.29354  2.67741  2.69355  4.24690  2.90347  2.73739  3.18146  2.89801  2.37887  2.77519  2.98518  4.58477  3.61503
          0.02639  4.04385  4.76620  0.61958  0.77255  0.48576  0.95510
     91   2.75074  4.85827  2.92019  2.60707  4.41712  1.74082  3.81355  3.84940  1.67303  3.42356  4.27666  3.07108  3.89719  2.98804  2.78603  2.79504  3.05810  3.46543  5.55408  4.28531    112 k - - -
          2.68618  4.42225  2.77519  2.73123  3.46354  2.40513  3.72494  3.29354  2.67741  2.69355  4.24690  2.90347  2.73739  3.18146  2.89801  2.37887  2.77519  2.98518  4.58477  3.61503
          0.02639  4.04385  4.76620  0.61958  0.77255  0.48576  0.95510
     92   2.33565  4.31836  3.27873  2.89612  4.19379  3.07903  4.01916  3.59383  2.91993  3.26317  4.09385  3.20060  2.19441  3.24536  3.28988  1.81334  2.05093  3.13716  5.51808  4.26407    113 s - - -
          2.68618  4.42225  2.77519  2.73123  3.46354  2.40513  3.72494  3.29354  2.67741  2.69355  4.24690  2.90347  2.73739  3.18146  2.89801  2.37887  2.77519  2.98518  4.58477  3.61503
          0.02639  4.04385  4.76620  0.61958  0.77255  0.48576  0.95510
     93   2.29718  4.68542  3.02455  2.49966  3.96251  3.39886  3.66271  3.36030  2.26551  2.98958  3.82124  2.52350  3.81886  2.83491  2.80966  2.43335  2.78465  2.58292  5.25280  3.94375    114 k - - -
          2.68618  4.42225  2.77519  2.73123  3.46354  2.40513  3.72494  3.29354  2.67741  2.69355  4.24690  2.90347  2.73739  3.18146  2.89801  2.37887  2.77519  2.98518  4.58477  3.61503
          0.02639  4.04385  4.76620  0.61958  0.77255  0.48576  0.95510
     94   2.55790  4.82158  3.21244  2.61775  4.10051  3.52386  3.64643  2.85640  1.63588  3.05878  3.91541  3.08471  3.90827  2.80732  2.25963  2.78793  2.95156  3.15229  5.29182  4.02749    115 k - - -
          2.68618  4.42225  2.77519  2.73123  3.46354  2.40513  3.72494  3.29354  2.67741  2.69355  4.24690  2.90347  2.73739  3.18146  2.89801  2.37887  2.77519  2.98518  4.58477  3.61503
          0.02639  4.04385  4.76620  0.61958  0.77255  0.48576  0.95510
     95   2.32562  4.85472  2.90749  2.28857  4.12355  3.39295  3.61038  3.54676  2.21819  3.12996  3.48525  2.40983  3.15968  2.75127  2.83582  2.62000  2.83728  3.20587  5.35140  4.00663    116 k - - -
          2.68618  4.42225  2.77519  2.73123  3.46354  2.40513  3.72494  3.29354  2.67741  2.69355  4.24690  2.90347  2.73739  3.18146  2.89801  2.37887  2.77519  2.98518  4.58477  3.61503
          0.20539  4.04385  1.78293  0.61958  0.77255  0.48576  0.95510
     96   2.63443  4.73382  2.96893  2.53234  4.14798  3.33859  3.65240  3.55656  2.05296  3.14595  3.99216  2.99338  3.81801  2.82161  2.39688  1.87465  2.90400  3.21675  5.33804  4.05571    117 s - - -
          2.68620  4.42227  2.77521  2.73125  3.46356  2.40515  3.72496  3.29356  2.67743  2.69357  4.24692  2.90348  2.73741  3.18148  2.89803  2.37889  2.77505  2.98520  4.58479  3.61468
          0.13118  2.35082  3.58812  0.64893  0.73941  0.64534  0.74335
     97   2.71995  4.88034  2.51387  2.35856  4.16313  3.21595  3.73074  3.78819  2.53533  3.36600  4.26158  1.56138  3.80785  2.70110  2.91504  2.73243  3.03672  3.42252  5.44776  4.04541    120 n - - -
          2.68618  4.42225  2.77519  2.73123  3.46354  2.40513  3.72494  3.29354  2.67741  2.69355  4.24690  2.90347  2.73739  3.18146  2.89801  2.37887  2.77519  2.98518  4.58477  3.61503
          0.06432  3.85226  3.19266  0.61958  0.77255  0.65885  0.72866
     98   2.33552  4.24014  3.21792  2.92891  3.86187  1.59192  3.99755  3.19688  2.91637  2.77373  3.93796  3.20622  3.72699  3.28957  3.22432  2.50884  2.76364  2.71883  5.29470  3.99213    121 g - - -
          2.68618  4.42225  2.77519  2.73123  3.46354  2.40513  3.72494  3.29354  2.67741  2.69355  4.24690  2.90347  2.73739  3.18146  2.89801  2.37887  2.77519  2.98518  4.58477  3.61503
          0.03308  3.82103  4.54337  0.61958  0.77255  0.68174  0.70469
     99   2.77460  4.36434  4.32648  3.78312  3.27657  4.14111  4.52104  1.46801  3.63898  1.66535  2.94875  4.08136  4.45207  3.92102  3.87093  3.47281  3.19224  1.82926  5.16094  3.98308    122 i - - -
          2.68618  4.42225  2.77519  2.73123  3.46354  2.40513  3.72494  3.29354  2.67741  2.69355  4.24690  2.90347  2.73739  3.18146  2.89801  2.37887  2.77519  2.98518  4.58477  3.61503
          0.03308  3.82103  4.54337  0.61958  0.77255  0.68174  0.70469
    100   2.95366  4.34709  4.45980  3.96697  3.42875  4.17496  4.72730  1.48975  3.83926  1.96478  3.26826  4.22140  4.53712  4.13381  4.06758  3.55440  3.23019  1.29096  5.34742  4.12765    123 v - - -
          2.68618  4.42225  2.77519  2.73123  3.46354  2.40513  3.72494  3.29354  2.67741  2.69355  4.24690  2.90347  2.73739  3.18146  2.89801  2.37887  2.77519  2.98518  4.58477  3.61503
          0.03308  3.82103  4.54337  0.61958  0.77255  0.68174  0.70469
    101   1.49854  4.11342  3.22363  2.99700  4.17720  1.92862  4.11664  3.50935  3.10135  3.26750  4.13553  3.19333  3.62174  3.39827  3.40912  2.35958  2.66514  3.02087  5.52468  4.31333    124 a - - -
          2.68618  4.42225  2.77519  2.73123  3.46354  2.40513  3.72494  3.29354  2.67741  2.69355  4.24690  2.90347  2.73739  3.18146  2.89801  2.37887  2.77519  2.98518  4.58477  3.61503
          0.03308  3.82103  4.54337  0.61958  0.77255  0.68174  0.70469
    102   1.80513  4.15757  3.19206  2.89073  4.06322  1.93691  4.00180  3.41028  2.94374  2.97917  4.00344  3.14680  3.64287  3.26301  3.27824  2.27477  2.66268  2.96722  5.42397  4.18029    125 a - - -
          2.68618  4.42225  2.77519  2.73123  3.46354  2.40513  3.72494  3.29354  2.67741  2.69355  4.24690  2.90347  2.73739  3.18146  2.89801  2.37887  2.77519  2.98518  4.58477  3.61503
          0.03308  3.82103  4.54337  0.61958  0.77255  0.68174  0.70469
    103   2.34341  4.19659  3.45120  2.95806  3.65874  3.24519  3.92602  2.61725  2.89053  2.65793  3.59224  3.27217  3.80340  3.22196  3.22686  2.11491  2.34218  2.19431  5.11312  3.87731    126 s - - -
          2.68618  4.42225  2.77519  2.73123  3.46354  2.40513  3.72494  3.29354  2.67741  2.69355  4.24690  2.90347  2.73739  3.18146  2.89801  2.37887  2.77519  2.98518  4.58477  3.61503
          0.03308  3.82103  4.54337  0.61958  0.77255  0.68174  0.70469
    104   3.04615  4.41436  4.52716  3.99631  3.25728  4.29892  4.70218  1.44733  3.85510  1.52445  3.08703  4.27731  4.58116  4.10997  4.06529  3.65196  3.29494  1.67768  5.23087  4.05072    127 i - - -
          2.68618  4.42225  2.77519  2.73123  3.46354  2.40513  3.72494  3.29354  2.67741  2.69355  4.24690  2.90347  2.73739  3.18146  2.89801  2.37887  2.77519  2.98518  4.58477  3.61503
          0.03308  3.82103  4.54337  0.61958  0.77255  0.68174  0.70469
    105   1.41421  4.10878  3.23975  3.00950  4.16686  2.07426  4.12024  3.49152  3.10597  3.25580  4.12609  3.20044  3.62291  3.40426  3.41085  2.36017  2.66383  3.00810  5.51776  4.30779    128 a - - -
          2.68618  4.42225  2.77519  2.73123  3.46354  2.40513  3.72494  3.29354  2.67741  2.69355  4.24690  2.90347  2.73739  3.18146  2.89801  2.37887  2.77519  2.98518  4.58477  3.61503
          0.03308  3.82103  4.54337  0.61958  0.77255  0.68174  0.70469
    106   1.38654  4.10747  3.24525  3.01452  4.16319  2.12843  4.12217  3.48437  3.10824  3.25165  4.12334  3.20346  3.62372  3.40732  3.41169  2.36108  2.66409  3.00320  5.51540  4.30599    129 a - - -
          2.68618  4.42225  2.77519  2.73123  3.46354  2.40513  3.72494  3.29354  2.67741  2.69355  4.24690  2.90347  2.73739  3.18146  2.89801  2.37887  2.77519  2.98518  4.58477  3.61503
          0.03308  3.82103  4.54337  0.61958  0.77255  0.68174  0.70469
    107   2.33809  4.18029  3.53499  3.02113  3.54912  3.21513  3.93978  2.37726  2.94904  2.54274  3.48774  3.33929  3.86664  3.26861  3.27308  2.60507  2.25270  2.06118  5.02943  3.80213    130 v - - -
          2.68618  4.42225  2.77519  2.73123  3.46354  2.40513  3.72494  3.29354  2.67741  2.69355  4.24690  2.90347  2.73739  3.18146  2.89801  2.37887  2.77519  2.98518  4.58477  3.61503
          0.03308  3.82103  4.54337  0.61958  0.77255  0.68174  0.70469
    108   1.66073  4.12095  3.56810  3.15813  3.82610  3.10456  4.11745  2.73414  3.09458  2.75123  3.73803  3.35626  3.76641  3.42035  3.39430  2.51935  2.27694  2.17700  5.31712  4.09985    131 a - - -
          2.68618  4.42225  2.77519  2.73123  3.46354  2.40513  3.72494  3.29354  2.67741  2.69355  4.24690  2.90347  2.73739  3.18146  2.89801  2.37887  2.77519  2.98518  4.58477  3.61503
          0.03308  3.82103  4.54337  0.61958  0.77255  0.68174  0.70469
    109   2.14338  4.24636  3.98343  3.47995  3.50539  3.72787  4.32898  1.79337  3.38538  2.21792  3.37889  3.76027  4.19130  3.69578  3.66675  3.08240  2.98611  1.61189  5.21024  3.99235    132 v - - -
          2.68618  4.42225  2.77519  2.73123  3.46354  2.40513  3.72494  3.29354  2.67741  2.69355  4.24690  2.90347  2.73739  3.18146  2.89801  2.37887  2.77519  2.98518  4.58477  3.61503
          0.03308  3.82103  4.54337  0.61958  0.77255  0.68174  0.70469
    110   2.19471  4.22807  3.39272  2.91769  2.70422  2.53461  3.84727  2.79556  2.88321  2.45954  3.49512  3.26101  3.83803  3.19541  3.21933  2.66261  2.76235  2.55534  4.90884  3.60561    133 a - - -
          2.68618  4.42225  2.77519  2.73123  3.46354  2.40513  3.72494  3.29354  2.67741  2.69355  4.24690  2.90347  2.73739  3.18146  2.89801  2.37887  2.77519  2.98518  4.58477  3.61503
          0.03308  3.82103  4.54337  0.61958  0.77255  0.68174  0.70469
    111   2.38217  3.88379  3.75025  3.28175  3.67271  3.25101  4.16121  2.47829  3.16561  2.54990  3.59463  3.47688  3.86904  3.49628  3.44844  2.64879  1.82682  1.92732  5.22917  4.00677    134 t - - -
          2.68618  4.42225  2.77519  2.73123  3.46354  2.40513  3.72494  3.29354  2.67741  2.69355  4.24690  2.90347  2.73739  3.18146  2.89801  2.37887  2.77519  2.98518  4.58477  3.61503
          0.03308  3.82103  4.54337  0.61958  0.77255  0.68174  0.70469
    112   3.06269  4.43956  4.50679  3.95186  3.16869  4.30197  4.64671  1.70670  3.82601  1.31168  2.82462  4.24977  4.55393  4.04351  4.03141  3.63405  3.29784  1.79012  5.15606  4.02426    135 l - - -
          2.68618  4.42225  2.77519  2.73123  3.46354  2.40513  3.72494  3.29354  2.67741  2.69355  4.24690  2.90347  2.73739  3.18146  2.89801  2.37887  2.77519  2.98518  4.58477  3.61503
          0.03308  3.82103  4.54337  0.61958  0.77255  0.68174  0.70469
    113   2.73021  4.25380  4.12930  3.56070  2.43014  3.91034  4.14058  2.13865  3.45719  1.62122  2.95548  3.82684  4.22954  3.67163  3.67028  3.20435  3.02091  2.04378  4.73436  3.26636    136 l - - -
          2.68618  4.42225  2.77519  2.73123  3.46354  2.40513  3.72494  3.29354  2.67741  2.69355  4.24690  2.90347  2.73739  3.18146  2.89801  2.37887  2.77519  2.98518  4.58477  3.61503
          0.03308  3.82103  4.54337  0.61958  0.77255  0.68174  0.70469
    114   2.79964  4.27708  4.13610  3.60268  3.43248  3.94242  4.40500  1.63201  3.49149  2.03116  3.29143  3.90097  4.32246  3.79428  3.75786  3.27384  2.60570  1.56763  5.19086  3.98409    137 v - - -
          2.68619  4.42226  2.77504  2.73124  3.46355  2.40514  3.72495  3.29355  2.67742  2.69356  4.24691  2.90347  2.73740  3.18147  2.89802  2.37888  2.77520  2.98519  4.58478  3.61504
          0.11733  2.30191  4.54337  0.42095  1.06835  0.68174  0.70469
    115   2.18688  3.08078  3.64309  3.19999  3.79973  2.98947  4.08313  3.02979  3.10816  2.86387  3.76632  3.32765  3.67730  3.41499  3.38977  1.60355  2.57040  2.48296  5.23971  4.02333    139 s - - -
          2.68618  4.42225  2.77519  2.73123  3.46354  2.40513  3.72494  3.29354  2.67741  2.69355  4.24690  2.90347  2.73739  3.18146  2.89801  2.37887  2.77519  2.98518  4.58477  3.61503
          0.03308  3.82103  4.54337  0.61958  0.77255  0.68174  0.70469
    116   2.89080  4.34974  4.19637  3.63592  2.78901  4.02460  4.29429  2.07341  3.52640  1.35459  2.92572  3.93212  4.33135  3.75786  3.75565  3.23564  3.12547  2.00566  4.89670  3.66754    140 l - - -
          2.68618  4.42225  2.77519  2.73123  3.46354  2.40513  3.72494  3.29354  2.67741  2.69355  4.24690  2.90347  2.73739  3.18146  2.89801  2.37887  2.77519  2.98518  4.58477  3.61503
          0.03308  3.82103  4.54337  0.61958  0.77255  0.68174  0.70469
    117   3.27644  4.63980  4.26188  3.87526  1.31188  4.10885  3.47481  2.96953  3.74484  2.35092  3.60041  3.85106  4.44511  3.84433  3.87370  3.46557  3.50989  2.90023  3.68135  1.67699    141 f - - -
          2.68618  4.42225  2.77519  2.73123  3.46354  2.40513  3.72494  3.29354  2.67741  2.69355  4.24690  2.90347  2.73739  3.18146  2.89801  2.37887  2.77519  2.98518  4.58477  3.61503
          0.03308  3.82103  4.54337  0.61958  0.77255  0.68174  0.70469
    118   2.87519  4.34487  4.22628  3.74261  2.55801  3.95426  4.32985  2.04788  3.63792  1.90819  3.19622  3.97531  4.35178  3.88695  3.85914  3.32227  3.15490  1.39300  4.87883  3.50517    142 v - - -
          2.68618  4.42225  2.77519  2.73123  3.46354  2.40513  3.72494  3.29354  2.67741  2.69355  4.24690  2.90347  2.73739  3.18146  2.89801  2.37887  2.77519  2.98518  4.58477  3.61503
          0.03308  3.82103  4.54337  0.61958  0.77255  0.68174  0.70469
    119   2.60373  4.38310  3.26685  3.16031  4.30138  0.81311  4.28280  3.88935  3.33447  3.54976  4.52588  3.43141  3.77257  3.66287  3.57524  2.77435  3.08101  3.42770  5.40917  4.40189    143 g - - -
          2.68621  4.42228  2.77523  2.73127  3.46350  2.40516  3.72488  3.29357  2.67740  2.69358  4.24693  2.90344  2.73743  3.18150  2.89804  2.37889  2.77519  2.98514  4.58320  3.61506
          0.34067  1.24233        *  0.25753  1.48261  0.00000        *
//
