HMMER3/f [3.3 | Nov 2019]
NAME  amoY_Top_Sequences_msa
LENG  89
ALPH  amino
RF    no
MM    no
CONS  yes
CS    no
MAP   yes
DATE  Tue Jan 25 20:29:04 2022
NSEQ  49
EFFN  0.553284
CKSUM 3996322399
STATS LOCAL MSV       -9.1501  0.71844
STATS LOCAL VITERBI  -10.1817  0.71844
STATS LOCAL FORWARD   -4.1967  0.71844
HMM          A        C        D        E        F        G        H        I        K        L        M        N        P        Q        R        S        T        V        W        Y   
            m->m     m->i     m->d     i->m     i->i     d->m     d->d
  COMPO   2.72277  4.57335  3.02814  2.76676  2.93704  2.81758  3.83024  2.58143  2.87247  2.24109  3.42441  3.28506  3.37493  3.23249  3.05523  2.86276  2.96336  2.55431  3.88162  3.17604
          2.68623  4.42230  2.77524  2.73128  3.46355  2.40516  3.72499  3.29321  2.67745  2.69353  4.24580  2.90351  2.73744  3.18151  2.89805  2.37883  2.77524  2.98515  4.58482  3.61508
          0.27363  2.04126  2.21164  0.92663  0.50399  0.00000        *
      1   3.01877  4.50271  4.21658  3.69505  3.06254  4.08292  4.39968  2.18456  3.47452  1.42171  1.86818  4.00838  4.40338  3.79246  3.69183  3.43779  3.26830  2.22611  4.99761  3.79099      6 l - - -
          2.68618  4.42225  2.77519  2.73123  3.46354  2.40513  3.72494  3.29354  2.67741  2.69355  4.24690  2.90347  2.73739  3.18146  2.89801  2.37887  2.77519  2.98518  4.58477  3.61503
          0.03360  3.80580  4.52814  0.61958  0.77255  0.47922  0.96565
      2   2.59631  4.21502  3.67103  3.10789  3.32839  3.61931  3.94002  2.29956  3.01385  2.11238  2.66069  3.45867  4.00725  3.31952  3.31634  2.73715  2.40066  2.23260  4.87382  3.65886      7 l - - -
          2.68618  4.42225  2.77519  2.73123  3.46354  2.40513  3.72494  3.29354  2.67741  2.69355  4.24690  2.90347  2.73739  3.18146  2.89801  2.37887  2.77519  2.98518  4.58477  3.61503
          0.03127  3.87661  4.59895  0.61958  0.77255  0.51728  0.90668
      3   2.55601  4.87071  2.16930  2.27276  4.29457  3.21652  3.66690  3.73825  2.53690  3.31552  4.13004  2.59215  2.53011  2.82361  3.02858  2.54538  2.70026  3.34899  5.52502  4.14678      8 d - - -
          2.68607  4.42227  2.77521  2.73125  3.46355  2.40510  3.72496  3.29356  2.67742  2.69356  4.24662  2.90348  2.73741  3.18148  2.89802  2.37888  2.77521  2.98520  4.58478  3.61505
          0.14772  2.95785  2.46040  0.83874  0.56608  0.51728  0.90668
      4   3.00672  4.38136  4.48727  3.96300  3.31137  4.25828  4.69431  1.41422  3.82645  1.69619  3.14439  4.24278  4.56081  4.09893  4.04826  3.61453  3.26171  1.55963  5.26281  4.06672     13 i - - -
          2.68618  4.42225  2.77519  2.73123  3.46354  2.40513  3.72494  3.29354  2.67741  2.69355  4.24690  2.90347  2.73739  3.18146  2.89801  2.37887  2.77519  2.98518  4.58477  3.61503
          0.03386  3.79828  4.52063  0.61958  0.77255  0.47566  0.97147
      5   3.00022  4.37517  4.51215  3.95375  2.51759  4.22118  4.51286  1.85532  3.84713  1.48105  2.99974  4.19823  4.49178  4.02293  4.02250  3.54480  3.23297  1.68081  4.98631  3.77933     14 l - - -
          2.68618  4.42225  2.77519  2.73123  3.46354  2.40513  3.72494  3.29354  2.67741  2.69355  4.24690  2.90347  2.73739  3.18146  2.89801  2.37887  2.77519  2.98518  4.58477  3.61503
          0.03127  3.87661  4.59895  0.61958  0.77255  0.51728  0.90668
      6   1.88799  4.25641  3.09672  2.70506  4.12469  2.06309  3.94642  3.51605  2.87344  3.19233  4.02593  3.09920  3.67097  3.17868  3.24927  2.16663  2.48627  3.06502  5.45395  4.19993     15 a - - -
          2.68618  4.42225  2.77519  2.73123  3.46354  2.40513  3.72494  3.29354  2.67741  2.69355  4.24690  2.90347  2.73739  3.18146  2.89801  2.37887  2.77519  2.98518  4.58477  3.61503
          0.03127  3.87661  4.59895  0.61958  0.77255  0.51728  0.90668
      7   2.58175  4.39688  3.33552  2.78105  3.53423  3.50124  3.77675  2.72005  2.66449  2.38226  3.20191  3.21106  3.90241  2.77174  3.02118  2.76295  2.12334  2.54030  4.99761  3.74801     16 t - - -
          2.68618  4.42225  2.77519  2.73123  3.46354  2.40513  3.72494  3.29354  2.67741  2.69355  4.24690  2.90347  2.73739  3.18146  2.89801  2.37887  2.77519  2.98518  4.58477  3.61503
          0.03127  3.87661  4.59895  0.61958  0.77255  0.51728  0.90668
      8   2.81620  4.28636  4.14845  3.58629  2.45844  3.93801  4.23165  2.12095  3.48307  1.56145  3.06086  3.86552  4.26837  3.71372  3.70842  3.23993  2.71193  2.01923  4.86766  3.64409     17 l - - -
          2.68618  4.42225  2.77519  2.73123  3.46354  2.40513  3.72494  3.29354  2.67741  2.69355  4.24690  2.90347  2.73739  3.18146  2.89801  2.37887  2.77519  2.98518  4.58477  3.61503
          0.03127  3.87661  4.59895  0.61958  0.77255  0.51728  0.90668
      9   2.31221  4.20842  3.48900  2.93080  3.17058  3.27329  3.81216  2.65343  2.86769  2.09664  3.28314  3.30537  3.90298  3.17067  3.19858  2.56764  2.76694  2.34381  4.82604  3.52642     18 l - - -
          2.68618  4.42225  2.77519  2.73123  3.46354  2.40513  3.72494  3.29354  2.67741  2.69355  4.24690  2.90347  2.73739  3.18146  2.89801  2.37887  2.77519  2.98518  4.58477  3.61503
          0.03127  3.87661  4.59895  0.61958  0.77255  0.51728  0.90668
     10   2.41695  4.33179  3.21909  2.73769  3.75281  2.80212  3.79549  3.05555  2.69347  2.82363  3.07012  3.07203  3.77066  3.04421  3.06619  1.89132  2.74116  2.81276  5.13475  3.86774     19 s - - -
          2.68618  4.42225  2.77519  2.73123  3.46354  2.40513  3.72494  3.29354  2.67741  2.69355  4.24690  2.90347  2.73739  3.18146  2.89801  2.37887  2.77519  2.98518  4.58477  3.61503
          0.03127  3.87661  4.59895  0.61958  0.77255  0.51728  0.90668
     11   2.65845  4.22006  3.82815  3.27299  3.28560  3.05775  4.04807  1.84965  3.15917  2.05906  2.74025  3.59467  4.09339  3.45970  3.43226  3.00651  2.90531  2.14518  4.89313  3.68057     20 i - - -
          2.68618  4.42225  2.77519  2.73123  3.46354  2.40513  3.72494  3.29354  2.67741  2.69355  4.24690  2.90347  2.73739  3.18146  2.89801  2.37887  2.77519  2.98518  4.58477  3.61503
          0.03127  3.87661  4.59895  0.61958  0.77255  0.51728  0.90668
     12   3.15397  4.51895  4.60008  4.05231  2.58890  4.35655  4.56174  1.87067  3.92958  1.11755  2.89797  4.31140  4.58480  4.08050  4.09247  3.69148  3.38091  2.15016  4.93637  3.69240     21 l - - -
          2.68618  4.42225  2.77519  2.73123  3.46354  2.40513  3.72494  3.29354  2.67741  2.69355  4.24690  2.90347  2.73739  3.18146  2.89801  2.37887  2.77519  2.98518  4.58477  3.61503
          0.03127  3.87661  4.59895  0.61958  0.77255  0.48183  0.96142
     13   2.62792  4.81077  2.90162  2.33342  4.08381  3.38711  3.60027  3.49130  2.13271  3.08189  3.64009  2.92710  3.80404  2.55016  2.70305  2.07973  2.86041  3.16868  5.30428  3.98864     22 s - - -
          2.68618  4.42225  2.77519  2.73123  3.46354  2.40513  3.72494  3.29354  2.67741  2.69355  4.24690  2.90347  2.73739  3.18146  2.89801  2.37887  2.77519  2.98518  4.58477  3.61503
          0.03052  3.90053  4.62288  0.61958  0.77255  0.49554  0.93967
     14   2.33488  4.40833  2.99929  2.64370  4.12232  3.10162  3.84284  3.52138  2.70703  3.18147  4.01461  2.31075  3.71435  3.04631  3.10419  1.81971  2.48544  2.99715  5.42635  4.13795     23 s - - -
          2.68618  4.42225  2.77519  2.73123  3.46354  2.40513  3.72494  3.29354  2.67741  2.69355  4.24690  2.90347  2.73739  3.18146  2.89801  2.37887  2.77519  2.98518  4.58477  3.61503
          0.03052  3.90053  4.62288  0.61958  0.77255  0.49554  0.93967
     15   3.03338  4.39513  4.58520  4.02455  2.40179  4.26254  4.54482  1.74866  3.91327  1.44097  2.97370  4.25482  4.52122  4.06900  4.06929  3.58889  3.26370  1.83528  4.98039  3.78064     24 l - - -
          2.68618  4.42225  2.77519  2.73123  3.46354  2.40513  3.72494  3.29354  2.67741  2.69355  4.24690  2.90347  2.73739  3.18146  2.89801  2.37887  2.77519  2.98518  4.58477  3.61503
          0.03052  3.90053  4.62288  0.61958  0.77255  0.49554  0.93967
     16   2.24458  4.29191  3.22125  2.79317  3.28372  2.92071  3.80088  2.89073  2.76904  2.64938  3.53707  3.18823  3.82506  3.08282  3.14445  2.64491  2.28648  2.37459  5.01541  3.76679     25 a - - -
          2.68618  4.42225  2.77519  2.73123  3.46354  2.40513  3.72494  3.29354  2.67741  2.69355  4.24690  2.90347  2.73739  3.18146  2.89801  2.37887  2.77519  2.98518  4.58477  3.61503
          0.03052  3.90053  4.62288  0.61958  0.77255  0.49554  0.93967
     17   2.42531  4.30646  3.23215  2.86904  3.75923  1.94172  3.91846  3.11410  2.83831  2.18722  3.78866  3.20523  3.79557  3.20616  3.16741  2.47051  2.79540  2.80947  5.18692  3.89650     26 g - - -
          2.68619  4.42226  2.77520  2.73124  3.46355  2.40510  3.72495  3.29346  2.67742  2.69351  4.24691  2.90347  2.73740  3.18147  2.89802  2.37888  2.77520  2.98519  4.58478  3.61504
          0.05519  3.12653  4.62288  0.72070  0.66633  0.49554  0.93967
     18   2.90264  4.88959  2.92108  2.67600  4.06192  3.38432  3.83464  3.69674  2.49479  3.19633  4.22316  3.13607  3.93803  1.18500  2.77852  2.94909  3.19947  3.42459  5.32885  4.02437     30 q - - -
          2.68618  4.42225  2.77519  2.73123  3.46354  2.40513  3.72494  3.29354  2.67741  2.69355  4.24690  2.90347  2.73739  3.18146  2.89801  2.37887  2.77519  2.98518  4.58477  3.61503
          0.03052  3.90053  4.62288  0.61958  0.77255  0.49554  0.93967
     19   3.14507  4.49935  4.62353  4.10541  3.19487  4.38301  4.75037  1.43464  3.93221  1.31794  3.04127  4.37552  4.64652  4.17769  4.11395  3.75275  3.39016  1.89952  5.20206  4.01791     31 l - - -
          2.68618  4.42225  2.77519  2.73123  3.46354  2.40513  3.72494  3.29354  2.67741  2.69355  4.24690  2.90347  2.73739  3.18146  2.89801  2.37887  2.77519  2.98518  4.58477  3.61503
          0.03052  3.90053  4.62288  0.61958  0.77255  0.49554  0.93967
     20   2.69952  4.47242  3.37906  3.28191  4.42415  0.68710  4.40067  4.03040  3.46702  3.68106  4.65687  3.54330  3.86446  3.78892  3.70018  2.87220  3.18293  3.55329  5.51210  4.52692     32 G - - -
          2.68618  4.42225  2.77519  2.73123  3.46354  2.40513  3.72494  3.29354  2.67741  2.69355  4.24690  2.90347  2.73739  3.18146  2.89801  2.37887  2.77519  2.98518  4.58477  3.61503
          0.03052  3.90053  4.62288  0.61958  0.77255  0.49554  0.93967
     21   2.78826  4.54119  3.39842  3.24132  4.23449  3.22710  4.31665  3.78688  3.30098  3.41077  4.46167  3.54531  0.77709  3.68891  3.54352  2.95658  3.23198  3.42909  5.41357  4.35546     33 p - - -
          2.68618  4.42225  2.77519  2.73123  3.46354  2.40513  3.72494  3.29354  2.67741  2.69355  4.24690  2.90347  2.73739  3.18146  2.89801  2.37887  2.77519  2.98518  4.58477  3.61503
          0.03052  3.90053  4.62288  0.61958  0.77255  0.49554  0.93967
     22   2.26912  4.81562  2.64568  2.35924  4.24601  3.10263  3.68677  3.68218  2.48771  3.26994  4.10007  2.05462  3.77793  2.43257  2.91430  2.63939  2.90767  3.30947  5.47558  4.12913     34 n - - -
          2.68618  4.42225  2.77519  2.73123  3.46354  2.40513  3.72494  3.29354  2.67741  2.69355  4.24690  2.90347  2.73739  3.18146  2.89801  2.37887  2.77519  2.98518  4.58477  3.61503
          0.03052  3.90053  4.62288  0.61958  0.77255  0.49554  0.93967
     23   3.35086  4.74807  4.18782  3.82756  1.89765  4.11157  3.47781  3.15216  3.69284  2.55712  3.79554  3.83540  4.47401  3.83758  3.84699  3.48878  3.59393  3.05621  3.69556  1.05358     35 y - - -
          2.68618  4.42225  2.77519  2.73123  3.46354  2.40513  3.72494  3.29354  2.67741  2.69355  4.24690  2.90347  2.73739  3.18146  2.89801  2.37887  2.77519  2.98518  4.58477  3.61503
          0.03052  3.90053  4.62288  0.61958  0.77255  0.49554  0.93967
     24   3.01945  5.15251  0.87865  2.35199  4.53321  3.23166  3.95535  4.12770  3.04470  3.73095  4.70948  2.90985  3.88641  3.19440  3.56489  2.97851  3.35855  3.76384  5.69639  4.40123     36 d - - -
          2.68618  4.42225  2.77519  2.73123  3.46354  2.40513  3.72494  3.29354  2.67741  2.69355  4.24690  2.90347  2.73739  3.18146  2.89801  2.37887  2.77519  2.98518  4.58477  3.61503
          0.03052  3.90053  4.62288  0.61958  0.77255  0.49554  0.93967
     25   2.78826  4.54119  3.39842  3.24132  4.23449  3.22710  4.31665  3.78688  3.30098  3.41077  4.46167  3.54531  0.77709  3.68891  3.54352  2.95658  3.23198  3.42909  5.41357  4.35546     37 p - - -
          2.68618  4.42225  2.77519  2.73123  3.46354  2.40513  3.72494  3.29354  2.67741  2.69355  4.24690  2.90347  2.73739  3.18146  2.89801  2.37887  2.77519  2.98518  4.58477  3.61503
          0.03052  3.90053  4.62288  0.61958  0.77255  0.49554  0.93967
     26   3.18654  4.64038  4.23459  3.87437  3.14611  4.01789  4.52129  2.35147  3.64185  0.84142  3.15994  4.14714  4.44829  4.00346  3.81340  3.59173  3.47944  2.39612  5.03578  3.76564     38 l - - -
          2.68618  4.42225  2.77519  2.73123  3.46354  2.40513  3.72494  3.29354  2.67741  2.69355  4.24690  2.90347  2.73739  3.18146  2.89801  2.37887  2.77519  2.98518  4.58477  3.61503
          0.03052  3.90053  4.62288  0.61958  0.77255  0.49554  0.93967
     27   3.29381  4.68727  4.27719  3.99686  0.96691  3.97734  3.88931  2.81385  3.90314  2.17736  3.53975  4.05068  4.43517  4.06334  4.01595  3.56240  3.59489  2.80664  4.12977  2.49315     39 f - - -
          2.68618  4.42225  2.77519  2.73123  3.46354  2.40513  3.72494  3.29354  2.67741  2.69355  4.24690  2.90347  2.73739  3.18146  2.89801  2.37887  2.77519  2.98518  4.58477  3.61503
          0.03052  3.90053  4.62288  0.61958  0.77255  0.49554  0.93967
     28   3.35086  4.74807  4.18782  3.82756  1.89765  4.11157  3.47781  3.15216  3.69284  2.55712  3.79554  3.83540  4.47401  3.83758  3.84699  3.48878  3.59393  3.05621  3.69556  1.05358     40 y - - -
          2.68618  4.42225  2.77519  2.73123  3.46354  2.40513  3.72494  3.29354  2.67741  2.69355  4.24690  2.90347  2.73739  3.18146  2.89801  2.37887  2.77519  2.98518  4.58477  3.61503
          0.03052  3.90053  4.62288  0.61958  0.77255  0.49554  0.93967
     29   3.01945  5.15251  0.87865  2.35199  4.53321  3.23166  3.95535  4.12770  3.04470  3.73095  4.70948  2.90985  3.88641  3.19440  3.56489  2.97851  3.35855  3.76384  5.69639  4.40123     41 d - - -
          2.68618  4.42225  2.77519  2.73123  3.46354  2.40513  3.72494  3.29354  2.67741  2.69355  4.24690  2.90347  2.73739  3.18146  2.89801  2.37887  2.77519  2.98518  4.58477  3.61503
          0.03052  3.90053  4.62288  0.61958  0.77255  0.49554  0.93967
     30   2.83015  4.36477  4.16427  3.82807  3.57038  3.75305  4.62488  2.04840  3.69628  2.25241  3.53108  4.01345  4.31185  4.05398  3.90611  3.25819  3.19092  0.99026  5.35963  4.09307     42 v - - -
          2.68618  4.42225  2.77519  2.73123  3.46354  2.40513  3.72494  3.29354  2.67741  2.69355  4.24690  2.90347  2.73739  3.18146  2.89801  2.37887  2.77519  2.98518  4.58477  3.61503
          0.03052  3.90053  4.62288  0.61958  0.77255  0.47970  0.96487
     31   2.99936  4.54205  4.09061  3.68688  3.22445  3.86273  4.41311  2.40388  3.45289  1.81326  1.30616  3.95965  4.32347  3.83219  3.65371  3.35252  3.30538  2.41447  5.07045  3.83565     43 m - - -
          2.68618  4.42225  2.77519  2.73123  3.46354  2.40513  3.72494  3.29354  2.67741  2.69355  4.24690  2.90347  2.73739  3.18146  2.89801  2.37887  2.77519  2.98518  4.58477  3.61503
          0.03020  3.91093  4.63328  0.61958  0.77255  0.48576  0.95510
     32   3.03530  4.39028  4.62921  4.13823  3.46568  4.30882  4.86905  1.22918  4.01087  1.97098  3.28926  4.37545  4.64612  4.28905  4.22030  3.69555  3.30719  1.41491  5.42225  4.21416     44 i - - -
          2.68618  4.42225  2.77519  2.73123  3.46354  2.40513  3.72494  3.29354  2.67741  2.69355  4.24690  2.90347  2.73739  3.18146  2.89801  2.37887  2.77519  2.98518  4.58477  3.61503
          0.03020  3.91093  4.63328  0.61958  0.77255  0.48576  0.95510
     33   3.30246  4.77588  3.89488  3.63133  2.29425  3.87483  3.63627  3.30628  3.48774  2.75033  3.97728  3.77067  4.34771  3.78456  3.66364  3.43539  3.58928  3.17863  3.93953  0.90417     45 y - - -
          2.68618  4.42225  2.77519  2.73123  3.46354  2.40513  3.72494  3.29354  2.67741  2.69355  4.24690  2.90347  2.73739  3.18146  2.89801  2.37887  2.77519  2.98518  4.58477  3.61503
          0.03020  3.91093  4.63328  0.61958  0.77255  0.48576  0.95510
     34   3.06100  4.46886  4.39052  4.00765  3.39998  4.10818  4.72853  1.03154  3.83654  1.97800  3.32919  4.24758  4.53557  4.18077  4.02869  3.60707  3.35943  1.84700  5.29886  4.04058     46 i - - -
          2.68618  4.42225  2.77519  2.73123  3.46354  2.40513  3.72494  3.29354  2.67741  2.69355  4.24690  2.90347  2.73739  3.18146  2.89801  2.37887  2.77519  2.98518  4.58477  3.61503
          0.03020  3.91093  4.63328  0.61958  0.77255  0.48576  0.95510
     35   3.08668  4.54409  4.31145  3.90574  1.31393  4.02134  3.98792  2.48762  3.78177  1.93316  3.27771  4.00910  4.42720  3.95782  3.93993  3.42251  3.37325  2.30279  4.29061  2.69685     47 f - - -
          2.68618  4.42225  2.77519  2.73123  3.46354  2.40513  3.72494  3.29354  2.67741  2.69355  4.24690  2.90347  2.73739  3.18146  2.89801  2.37887  2.77519  2.98518  4.58477  3.61503
          0.03020  3.91093  4.63328  0.61958  0.77255  0.48576  0.95510
     36   2.08860  4.22853  3.18297  3.03291  4.31326  1.18173  4.21063  3.70100  3.20208  3.43963  4.32861  3.25270  3.69984  3.50306  3.49928  2.46954  2.79274  3.19046  5.62745  4.42577     48 g - - -
          2.68618  4.42225  2.77519  2.73123  3.46354  2.40513  3.72494  3.29354  2.67741  2.69355  4.24690  2.90347  2.73739  3.18146  2.89801  2.37887  2.77519  2.98518  4.58477  3.61503
          0.03020  3.91093  4.63328  0.61958  0.77255  0.48576  0.95510
     37   2.43319  4.27839  3.46198  3.21558  4.00259  3.11645  4.23000  3.13440  3.15931  2.99653  4.04445  3.41892  3.82317  3.55218  3.41626  2.63487  1.10837  2.82527  5.43701  4.21917     49 t - - -
          2.68618  4.42225  2.77519  2.73123  3.46354  2.40513  3.72494  3.29354  2.67741  2.69355  4.24690  2.90347  2.73739  3.18146  2.89801  2.37887  2.77519  2.98518  4.58477  3.61503
          0.03020  3.91093  4.63328  0.61958  0.77255  0.48576  0.95510
     38   3.05932  4.47073  4.45881  3.92027  3.15697  4.22702  4.58563  1.71467  3.75332  1.62199  1.82527  4.20112  4.51734  3.99954  3.94768  3.57250  3.30321  2.06093  5.11265  3.96256     50 l - - -
          2.68618  4.42225  2.77519  2.73123  3.46354  2.40513  3.72494  3.29354  2.67741  2.69355  4.24690  2.90347  2.73739  3.18146  2.89801  2.37887  2.77519  2.98518  4.58477  3.61503
          0.03020  3.91093  4.63328  0.61958  0.77255  0.48576  0.95510
     39   3.10094  4.55507  4.36073  3.83333  3.07774  4.19144  4.50322  2.21181  3.61484  1.38261  1.67842  4.13504  4.49005  3.90511  3.81510  3.54735  3.34563  2.27465  5.04295  3.85971     51 l - - -
          2.68618  4.42225  2.77519  2.73123  3.46354  2.40513  3.72494  3.29354  2.67741  2.69355  4.24690  2.90347  2.73739  3.18146  2.89801  2.37887  2.77519  2.98518  4.58477  3.61503
          0.03020  3.91093  4.63328  0.61958  0.77255  0.48576  0.95510
     40   3.30712  4.69755  4.29144  4.01311  0.95084  3.98816  3.89406  2.82591  3.91914  2.18704  3.55030  4.06244  4.44578  4.07648  4.02937  3.57517  3.60822  2.81946  4.13149  2.49358     52 f - - -
          2.68618  4.42225  2.77519  2.73123  3.46354  2.40513  3.72494  3.29354  2.67741  2.69355  4.24690  2.90347  2.73739  3.18146  2.89801  2.37887  2.77519  2.98518  4.58477  3.61503
          0.03020  3.91093  4.63328  0.61958  0.77255  0.48576  0.95510
     41   2.06008  4.15711  3.30280  2.98209  4.17280  2.00615  4.07783  3.55014  3.03528  3.25326  4.08612  3.20287  3.65608  3.33514  3.37190  2.21524  1.83156  3.05881  5.51670  4.29192     53 t - - -
          2.68618  4.42225  2.77519  2.73123  3.46354  2.40513  3.72494  3.29354  2.67741  2.69355  4.24690  2.90347  2.73739  3.18146  2.89801  2.37887  2.77519  2.98518  4.58477  3.61503
          0.03020  3.91093  4.63328  0.61958  0.77255  0.48576  0.95510
     42   3.02145  4.37539  4.62307  4.12808  3.49316  4.30275  4.86534  1.40260  4.00794  2.01288  3.31571  4.36573  4.64145  4.28729  4.22224  3.68572  3.29276  1.22057  5.43446  4.22305     54 v - - -
          2.68618  4.42225  2.77519  2.73123  3.46354  2.40513  3.72494  3.29354  2.67741  2.69355  4.24690  2.90347  2.73739  3.18146  2.89801  2.37887  2.77519  2.98518  4.58477  3.61503
          0.03020  3.91093  4.63328  0.61958  0.77255  0.48576  0.95510
     43   3.30712  4.69755  4.29144  4.01311  0.95084  3.98816  3.89406  2.82591  3.91914  2.18704  3.55030  4.06244  4.44578  4.07648  4.02937  3.57517  3.60822  2.81946  4.13149  2.49358     55 f - - -
          2.68618  4.42225  2.77519  2.73123  3.46354  2.40513  3.72494  3.29354  2.67741  2.69355  4.24690  2.90347  2.73739  3.18146  2.89801  2.37887  2.77519  2.98518  4.58477  3.61503
          0.03020  3.91093  4.63328  0.61958  0.77255  0.48576  0.95510
     44   3.19824  4.64901  4.25126  3.89112  3.15016  4.03106  4.53478  2.35612  3.65849  0.82927  3.16079  4.16288  4.45969  4.01763  3.82834  3.60615  3.49068  2.40347  5.04357  3.77583     56 l - - -
          2.68618  4.42225  2.77519  2.73123  3.46354  2.40513  3.72494  3.29354  2.67741  2.69355  4.24690  2.90347  2.73739  3.18146  2.89801  2.37887  2.77519  2.98518  4.58477  3.61503
          0.03020  3.91093  4.63328  0.61958  0.77255  0.48576  0.95510
     45   3.19824  4.64901  4.25126  3.89112  3.15016  4.03106  4.53478  2.35612  3.65849  0.82927  3.16079  4.16288  4.45969  4.01763  3.82834  3.60615  3.49068  2.40347  5.04357  3.77583     57 l - - -
          2.68618  4.42225  2.77519  2.73123  3.46354  2.40513  3.72494  3.29354  2.67741  2.69355  4.24690  2.90347  2.73739  3.18146  2.89801  2.37887  2.77519  2.98518  4.58477  3.61503
          0.03020  3.91093  4.63328  0.61958  0.77255  0.48576  0.95510
     46   2.07402  4.16795  3.18195  2.95751  4.30652  1.65315  4.12660  3.73449  3.10304  3.41466  4.23874  3.17797  3.64225  3.38468  3.43737  1.78085  2.68570  3.17518  5.63373  4.40000     58 g - - -
          2.68618  4.42225  2.77519  2.73123  3.46354  2.40513  3.72494  3.29354  2.67741  2.69355  4.24690  2.90347  2.73739  3.18146  2.89801  2.37887  2.77519  2.98518  4.58477  3.61503
          0.03020  3.91093  4.63328  0.61958  0.77255  0.48576  0.95510
     47   2.66694  4.31675  4.44265  3.92224  3.50671  4.15789  4.67609  1.46160  3.81597  2.06681  3.33898  4.17874  4.51390  4.09734  4.05124  3.51146  3.18809  1.33679  5.34524  4.14264     59 v - - -
          2.68618  4.42225  2.77519  2.73123  3.46354  2.40513  3.72494  3.29354  2.67741  2.69355  4.24690  2.90347  2.73739  3.18146  2.89801  2.37887  2.77519  2.98518  4.58477  3.61503
          0.03020  3.91093  4.63328  0.61958  0.77255  0.48576  0.95510
     48   3.06100  4.46886  4.39052  4.00765  3.39998  4.10818  4.72853  1.03154  3.83654  1.97800  3.32919  4.24758  4.53557  4.18077  4.02869  3.60707  3.35943  1.84700  5.29886  4.04058     60 i - - -
          2.68618  4.42225  2.77519  2.73123  3.46354  2.40513  3.72494  3.29354  2.67741  2.69355  4.24690  2.90347  2.73739  3.18146  2.89801  2.37887  2.77519  2.98518  4.58477  3.61503
          0.03020  3.91093  4.63328  0.61958  0.77255  0.48576  0.95510
     49   1.46900  4.12410  3.36401  3.08899  4.18620  2.91281  4.15983  3.52379  3.13645  3.28067  4.13979  3.25369  3.65636  3.43969  3.44124  1.61380  2.67403  3.03215  5.55457  4.32840     61 a - - -
          2.68618  4.42225  2.77519  2.73123  3.46354  2.40513  3.72494  3.29354  2.67741  2.69355  4.24690  2.90347  2.73739  3.18146  2.89801  2.37887  2.77519  2.98518  4.58477  3.61503
          0.03020  3.91093  4.63328  0.61958  0.77255  0.48576  0.95510
     50   3.41985  4.73090  4.42059  4.05995  1.19867  4.22584  3.47290  3.10706  3.91993  2.46883  3.72315  3.94740  4.55009  3.96608  4.00927  3.58683  3.64849  3.03618  3.64724  1.54285     62 f - - -
          2.68618  4.42225  2.77519  2.73123  3.46354  2.40513  3.72494  3.29354  2.67741  2.69355  4.24690  2.90347  2.73739  3.18146  2.89801  2.37887  2.77519  2.98518  4.58477  3.61503
          0.03020  3.91093  4.63328  0.61958  0.77255  0.48576  0.95510
     51   3.39940  4.76044  4.14992  3.86537  2.70551  3.77318  3.94701  3.42443  3.58667  2.81277  4.05648  4.00662  4.29408  3.97228  3.70832  3.60274  3.70169  3.31584  0.81119  2.70557     63 w - - -
          2.68618  4.42225  2.77519  2.73123  3.46354  2.40513  3.72494  3.29354  2.67741  2.69355  4.24690  2.90347  2.73739  3.18146  2.89801  2.37887  2.77519  2.98518  4.58477  3.61503
          0.03020  3.91093  4.63328  0.61958  0.77255  0.48576  0.95510
     52   2.98097  4.42957  4.32198  3.78552  3.23436  4.12403  4.51152  1.89122  3.62526  1.22142  3.07736  4.08047  4.44917  3.90595  3.84874  3.46231  2.96724  1.97421  5.13770  3.97191     64 l - - -
          2.68618  4.42225  2.77519  2.73123  3.46354  2.40513  3.72494  3.29354  2.67741  2.69355  4.24690  2.90347  2.73739  3.18146  2.89801  2.37887  2.77519  2.98518  4.58477  3.61503
          0.03020  3.91093  4.63328  0.61958  0.77255  0.48576  0.95510
     53   2.98203  4.99463  3.39640  2.81443  4.39372  3.58071  3.64057  3.78830  1.85749  3.28963  4.19701  3.20255  3.99808  2.80069  1.23480  3.01426  3.18386  3.49017  5.36300  4.18059     65 r - - -
          2.68618  4.42225  2.77519  2.73123  3.46354  2.40513  3.72494  3.29354  2.67741  2.69355  4.24690  2.90347  2.73739  3.18146  2.89801  2.37887  2.77519  2.98518  4.58477  3.61503
          0.03020  3.91093  4.63328  0.61958  0.77255  0.48576  0.95510
     54   2.62067  4.49269  3.28807  2.72104  3.61612  3.49428  3.10305  2.95400  2.45933  2.69748  3.60007  3.15470  3.88931  2.94125  2.35868  2.76198  2.85303  2.15420  4.99776  3.71342     66 v - - -
          2.68618  4.42225  2.77519  2.73123  3.46354  2.40513  3.72494  3.29354  2.67741  2.69355  4.24690  2.90347  2.73739  3.18146  2.89801  2.37887  2.77519  2.98518  4.58477  3.61503
          0.03020  3.91093  4.63328  0.61958  0.77255  0.48576  0.95510
     55   2.85505  4.99942  3.00090  2.55942  4.14132  3.48349  2.23043  3.74602  1.63607  3.26270  4.13122  3.02794  3.91452  2.78246  2.39165  2.86037  3.06982  3.42760  5.29466  3.96664     67 k - - -
          2.68618  4.42225  2.77519  2.73123  3.46354  2.40513  3.72494  3.29354  2.67741  2.69355  4.24690  2.90347  2.73739  3.18146  2.89801  2.37887  2.77519  2.98518  4.58477  3.61503
          0.03020  3.91093  4.63328  0.61958  0.77255  0.48576  0.95510
     56   2.71266  4.48451  3.39433  3.29850  4.44052  0.67216  4.41662  4.04931  3.48503  3.69867  4.67457  3.55857  3.87689  3.80611  3.71704  2.88564  3.19688  3.57020  5.52571  4.54365     68 G - - -
          2.68618  4.42225  2.77519  2.73123  3.46354  2.40513  3.72494  3.29354  2.67741  2.69355  4.24690  2.90347  2.73739  3.18146  2.89801  2.37887  2.77519  2.98518  4.58477  3.61503
          0.03020  3.91093  4.63328  0.61958  0.77255  0.48576  0.95510
     57   2.86382  4.31278  4.21805  3.65665  2.84241  3.95187  4.06132  2.03033  3.47748  1.59362  3.07627  3.87176  4.27509  3.71775  3.65937  3.25878  3.09365  2.32432  2.59872  3.16962     69 l - - -
          2.68618  4.42225  2.77519  2.73123  3.46354  2.40513  3.72494  3.29354  2.67741  2.69355  4.24690  2.90347  2.73739  3.18146  2.89801  2.37887  2.77519  2.98518  4.58477  3.61503
          0.03020  3.91093  4.63328  0.61958  0.77255  0.48576  0.95510
     58   1.71197  4.13652  3.25605  3.01898  4.27739  1.63612  4.15220  3.67440  3.14075  3.37870  4.20806  3.20899  3.63959  3.42023  3.46288  2.16622  2.67168  3.12862  5.61690  4.39571     70 g - - -
          2.68618  4.42225  2.77519  2.73123  3.46354  2.40513  3.72494  3.29354  2.67741  2.69355  4.24690  2.90347  2.73739  3.18146  2.89801  2.37887  2.77519  2.98518  4.58477  3.61503
          0.18216  3.91093  1.92065  0.61958  0.77255  0.48576  0.95510
     59   2.62334  4.42497  3.17779  2.83759  3.03991  2.49528  3.70186  3.11771  2.82015  2.76406  3.73447  3.20675  3.87713  3.17908  3.13883  2.77321  2.93196  2.86367  4.57420  1.96490     71 y - - -
          2.68618  4.42225  2.77519  2.73123  3.46354  2.40513  3.72494  3.29354  2.67741  2.69355  4.24690  2.90347  2.73739  3.18146  2.89801  2.37887  2.77519  2.98518  4.58477  3.61503
          0.03507  3.76384  4.48618  0.61958  0.77255  0.45554  1.00541
     60   2.61572  4.88191  2.78756  2.41940  4.27129  2.47241  3.63262  3.68288  1.81462  3.24433  4.07997  2.91693  3.81706  2.58367  2.62641  2.70313  2.94347  3.33200  5.42482  4.11788     72 k - - -
          2.68618  4.42225  2.77519  2.73123  3.46354  2.40513  3.72494  3.29354  2.67741  2.69355  4.24690  2.90347  2.73739  3.18146  2.89801  2.37887  2.77519  2.98518  4.58477  3.61503
          0.03115  3.88031  4.60266  0.61958  0.77255  0.51398  0.91158
     61   2.59153  4.81929  1.80147  2.29070  4.33559  3.16494  3.72847  3.75884  2.64114  3.37300  4.20460  2.81158  3.74715  2.89955  3.13556  2.21841  2.48721  3.35672  5.58883  4.20669     73 d - - -
          2.68618  4.42225  2.77519  2.73123  3.46354  2.40513  3.72494  3.29354  2.67741  2.69355  4.24690  2.90347  2.73739  3.18146  2.89801  2.37887  2.77519  2.98518  4.58477  3.61503
          0.03115  3.88031  4.60266  0.61958  0.77255  0.46851  0.98332
     62   1.77284  4.40188  2.96156  2.65832  4.16143  3.08376  3.88341  3.53220  2.76409  3.21878  4.05987  2.09419  3.71923  3.09455  3.15566  2.42811  2.56173  3.11236  5.47165  4.18603     74 a - - -
          2.68618  4.42225  2.77519  2.73123  3.46354  2.40513  3.72494  3.29354  2.67741  2.69355  4.24690  2.90347  2.73739  3.18146  2.89801  2.37887  2.77519  2.98518  4.58477  3.61503
          0.03020  3.91093  4.63328  0.61958  0.77255  0.48576  0.95510
     63   2.99883  5.06215  3.40679  2.77907  4.48449  3.61085  3.59984  3.84688  1.66420  3.32181  4.20732  3.17588  3.99808  2.74579  1.35587  3.01155  3.17847  3.54101  5.38528  4.21192     75 r - - -
          2.68618  4.42225  2.77519  2.73123  3.46354  2.40513  3.72494  3.29354  2.67741  2.69355  4.24690  2.90347  2.73739  3.18146  2.89801  2.37887  2.77519  2.98518  4.58477  3.61503
          0.03020  3.91093  4.63328  0.61958  0.77255  0.48576  0.95510
     64   2.98509  5.10443  2.50345  0.97193  4.45542  3.29865  3.88854  3.91694  2.77388  3.52780  4.49994  2.95436  3.90500  3.10327  3.18686  2.96346  3.28955  3.59674  5.61974  4.34178     76 e - - -
          2.68618  4.42225  2.77519  2.73123  3.46354  2.40513  3.72494  3.29354  2.67741  2.69355  4.24690  2.90347  2.73739  3.18146  2.89801  2.37887  2.77519  2.98518  4.58477  3.61503
          0.03020  3.91093  4.63328  0.61958  0.77255  0.48576  0.95510
     65   2.59248  4.85221  3.15862  2.59028  4.22462  3.46616  3.60638  3.58819  1.89736  3.15523  4.00067  3.04560  3.87544  2.75705  1.84260  2.76962  2.58205  3.26795  5.33222  4.08105     77 r - - -
          2.68618  4.42225  2.77519  2.73123  3.46354  2.40513  3.72494  3.29354  2.67741  2.69355  4.24690  2.90347  2.73739  3.18146  2.89801  2.37887  2.77519  2.98518  4.58477  3.61503
          0.03020  3.91093  4.63328  0.61958  0.77255  0.48576  0.95510
     66   3.39940  4.76044  4.14992  3.86537  2.70551  3.77318  3.94701  3.42443  3.58667  2.81277  4.05648  4.00662  4.29408  3.97228  3.70832  3.60274  3.70169  3.31584  0.81119  2.70557     78 w - - -
          2.68618  4.42225  2.77519  2.73123  3.46354  2.40513  3.72494  3.29354  2.67741  2.69355  4.24690  2.90347  2.73739  3.18146  2.89801  2.37887  2.77519  2.98518  4.58477  3.61503
          0.03020  3.91093  4.63328  0.61958  0.77255  0.48576  0.95510
     67   2.38209  4.21071  3.92908  3.50918  3.69502  3.48676  4.37792  2.18462  3.41261  2.46664  3.57876  3.70212  4.07543  3.73927  3.67324  2.89683  2.55837  1.29959  5.34464  4.12872     79 v - - -
          2.68618  4.42225  2.77519  2.73123  3.46354  2.40513  3.72494  3.29354  2.67741  2.69355  4.24690  2.90347  2.73739  3.18146  2.89801  2.37887  2.77519  2.98518  4.58477  3.61503
          0.03020  3.91093  4.63328  0.61958  0.77255  0.48576  0.95510
     68   2.42155  5.09425  1.88536  2.20347  4.41918  3.24837  3.66334  3.87741  2.53199  3.43000  4.25515  2.75927  3.78344  2.14084  3.03177  2.68016  2.98997  3.49367  5.62147  4.20896     80 d - - -
          2.68618  4.42225  2.77519  2.73123  3.46354  2.40513  3.72494  3.29354  2.67741  2.69355  4.24690  2.90347  2.73739  3.18146  2.89801  2.37887  2.77519  2.98518  4.58477  3.61503
          0.03020  3.91093  4.63328  0.61958  0.77255  0.48576  0.95510
     69   2.98509  5.10443  2.50345  0.97193  4.45542  3.29865  3.88854  3.91694  2.77388  3.52780  4.49994  2.95436  3.90500  3.10327  3.18686  2.96346  3.28955  3.59674  5.61974  4.34178     81 e - - -
          2.68618  4.42225  2.77519  2.73123  3.46354  2.40513  3.72494  3.29354  2.67741  2.69355  4.24690  2.90347  2.73739  3.18146  2.89801  2.37887  2.77519  2.98518  4.58477  3.61503
          0.03020  3.91093  4.63328  0.61958  0.77255  0.48576  0.95510
     70   3.19824  4.64901  4.25126  3.89112  3.15016  4.03106  4.53478  2.35612  3.65849  0.82927  3.16079  4.16288  4.45969  4.01763  3.82834  3.60615  3.49068  2.40347  5.04357  3.77583     82 l - - -
          2.68618  4.42225  2.77519  2.73123  3.46354  2.40513  3.72494  3.29354  2.67741  2.69355  4.24690  2.90347  2.73739  3.18146  2.89801  2.37887  2.77519  2.98518  4.58477  3.61503
          0.03020  3.91093  4.63328  0.61958  0.77255  0.48576  0.95510
     71   2.88062  5.44622  1.63469  1.55604  4.72843  3.18957  3.70852  4.24421  2.70323  3.74309  4.58388  2.45853  3.79840  2.87039  3.28808  2.76991  3.16362  3.81892  5.90383  4.40310     83 e - - -
          2.68618  4.42225  2.77519  2.73123  3.46354  2.40513  3.72494  3.29354  2.67741  2.69355  4.24690  2.90347  2.73739  3.18146  2.89801  2.37887  2.77519  2.98518  4.58477  3.61503
          0.03020  3.91093  4.63328  0.61958  0.77255  0.48576  0.95510
     72   3.00050  5.08147  3.40808  2.76815  4.51110  3.61609  3.59033  3.86772  1.56829  3.33389  4.21358  3.16807  3.99633  2.73246  1.43346  3.00749  3.17559  3.55822  5.39281  4.22030     84 r - - -
          2.68618  4.42225  2.77519  2.73123  3.46354  2.40513  3.72494  3.29354  2.67741  2.69355  4.24690  2.90347  2.73739  3.18146  2.89801  2.37887  2.77519  2.98518  4.58477  3.61503
          0.03020  3.91093  4.63328  0.61958  0.77255  0.48576  0.95510
     73   3.07135  4.76908  3.52878  3.12371  2.34521  3.80051  2.02256  3.38143  2.96222  2.85126  3.91742  3.42541  4.19899  3.33461  3.24337  3.14540  3.30529  3.18240  3.97182  1.63128     85 y - - -
          2.68618  4.42225  2.77519  2.73123  3.46354  2.40513  3.72494  3.29354  2.67741  2.69355  4.24690  2.90347  2.73739  3.18146  2.89801  2.37887  2.77519  2.98518  4.58477  3.61503
          0.03020  3.91093  4.63328  0.61958  0.77255  0.48576  0.95510
     74   3.41037  4.72611  4.41280  4.05055  1.17427  4.22009  3.48209  3.09014  3.91095  2.45111  3.70823  3.94657  4.54575  3.96245  4.00320  3.58199  3.63993  3.02226  3.65899  1.59887     86 f - - -
          2.68618  4.42225  2.77519  2.73123  3.46354  2.40513  3.72494  3.29354  2.67741  2.69355  4.24690  2.90347  2.73739  3.18146  2.89801  2.37887  2.77519  2.98518  4.58477  3.61503
          0.03020  3.91093  4.63328  0.61958  0.77255  0.48576  0.95510
     75   2.86185  5.19629  2.37014  1.31860  4.47027  3.27504  3.70788  3.94588  2.51616  3.48365  4.36908  2.78762  3.84135  2.60183  2.94183  2.80702  3.13207  3.59213  5.65533  4.26273     87 e - - -
          2.68618  4.42225  2.77519  2.73123  3.46354  2.40513  3.72494  3.29354  2.67741  2.69355  4.24690  2.90347  2.73739  3.18146  2.89801  2.37887  2.77519  2.98518  4.58477  3.61503
          0.03020  3.91093  4.63328  0.61958  0.77255  0.48576  0.95510
     76   2.94720  5.01833  3.31437  2.73706  4.42684  3.57066  3.60420  3.81004  1.81730  3.30597  4.18227  3.03692  3.97516  2.75451  1.34464  2.96579  3.14215  3.49679  5.37793  4.18050     88 r - - -
          2.68618  4.42225  2.77519  2.73123  3.46354  2.40513  3.72494  3.29354  2.67741  2.69355  4.24690  2.90347  2.73739  3.18146  2.89801  2.37887  2.77519  2.98518  4.58477  3.61503
          0.03020  3.91093  4.63328  0.61958  0.77255  0.48576  0.95510
     77   2.98509  5.10443  2.50345  0.97193  4.45542  3.29865  3.88854  3.91694  2.77388  3.52780  4.49994  2.95436  3.90500  3.10327  3.18686  2.96346  3.28955  3.59674  5.61974  4.34178     89 e - - -
          2.68618  4.42225  2.77519  2.73123  3.46354  2.40513  3.72494  3.29354  2.67741  2.69355  4.24690  2.90347  2.73739  3.18146  2.89801  2.37887  2.77519  2.98518  4.58477  3.61503
          0.03020  3.91093  4.63328  0.61958  0.77255  0.48576  0.95510
     78   2.60700  4.66149  2.75213  2.54664  4.23457  1.58644  3.84437  3.73405  2.65585  3.33497  4.21393  3.00030  3.80032  2.36876  3.01895  2.67878  2.96532  3.33918  5.48928  4.18611     90 g - - -
          2.68618  4.42225  2.77519  2.73123  3.46354  2.40513  3.72494  3.29354  2.67741  2.69355  4.24690  2.90347  2.73739  3.18146  2.89801  2.37887  2.77519  2.98518  4.58477  3.61503
          0.03020  3.91093  4.63328  0.61958  0.77255  0.48576  0.95510
     79   3.06100  4.46886  4.39052  4.00765  3.39998  4.10818  4.72853  1.03154  3.83654  1.97800  3.32919  4.24758  4.53557  4.18077  4.02869  3.60707  3.35943  1.84700  5.29886  4.04058     91 i - - -
          2.68618  4.42225  2.77519  2.73123  3.46354  2.40513  3.72494  3.29354  2.67741  2.69355  4.24690  2.90347  2.73739  3.18146  2.89801  2.37887  2.77519  2.98518  4.58477  3.61503
          0.03020  3.91093  4.63328  0.61958  0.77255  0.48576  0.95510
     80   2.71266  4.48451  3.39433  3.29850  4.44052  0.67216  4.41662  4.04931  3.48503  3.69867  4.67457  3.55857  3.87689  3.80611  3.71704  2.88564  3.19688  3.57020  5.52571  4.54365     92 G - - -
          2.68618  4.42225  2.77519  2.73123  3.46354  2.40513  3.72494  3.29354  2.67741  2.69355  4.24690  2.90347  2.73739  3.18146  2.89801  2.37887  2.77519  2.98518  4.58477  3.61503
          0.03020  3.91093  4.63328  0.61958  0.77255  0.48576  0.95510
     81   3.19824  4.64901  4.25126  3.89112  3.15016  4.03106  4.53478  2.35612  3.65849  0.82927  3.16079  4.16288  4.45969  4.01763  3.82834  3.60615  3.49068  2.40347  5.04357  3.77583     93 l - - -
          2.68618  4.42225  2.77519  2.73123  3.46354  2.40513  3.72494  3.29354  2.67741  2.69355  4.24690  2.90347  2.73739  3.18146  2.89801  2.37887  2.77519  2.98518  4.58477  3.61503
          0.03020  3.91093  4.63328  0.61958  0.77255  0.48576  0.95510
     82   3.13327  4.47805  4.66320  4.11174  3.19244  4.40485  4.75255  1.38717  3.96653  1.42459  2.71524  4.38440  4.64098  4.17223  4.14375  3.74884  3.36744  1.91223  5.19949  4.06721     94 i - - -
          2.68618  4.42225  2.77519  2.73123  3.46354  2.40513  3.72494  3.29354  2.67741  2.69355  4.24690  2.90347  2.73739  3.18146  2.89801  2.37887  2.77519  2.98518  4.58477  3.61503
          0.03020  3.91093  4.63328  0.61958  0.77255  0.48576  0.95510
     83   2.80226  4.55344  3.41355  3.25797  4.25021  3.23876  4.33243  3.80529  3.31852  3.42805  4.47941  3.56090  0.75914  3.70613  3.55987  2.97091  3.24681  3.44631  5.42642  4.37133     95 p - - -
          2.68618  4.42225  2.77519  2.73123  3.46354  2.40513  3.72494  3.29354  2.67741  2.69355  4.24690  2.90347  2.73739  3.18146  2.89801  2.37887  2.77519  2.98518  4.58477  3.61503
          0.03020  3.91093  4.63328  0.61958  0.77255  0.48576  0.95510
     84   2.92247  5.44889  1.32651  1.73719  4.73553  3.18476  3.74562  4.24313  2.77368  3.76894  4.63808  2.65969  3.81362  2.91939  3.36409  2.81032  3.21590  3.83130  5.92354  4.43239     96 d - - -
          2.68618  4.42225  2.77519  2.73123  3.46354  2.40513  3.72494  3.29354  2.67741  2.69355  4.24690  2.90347  2.73739  3.18146  2.89801  2.37887  2.77519  2.98518  4.58477  3.61503
          0.03020  3.91093  4.63328  0.61958  0.77255  0.48576  0.95510
     85   2.69388  5.14949  2.33726  1.69573  4.49100  3.23448  3.69785  3.95100  2.56633  3.51078  4.35552  1.90789  3.80506  2.86228  3.04286  2.73700  3.06757  3.56685  5.68630  4.27076     97 e - - -
          2.68618  4.42225  2.77519  2.73123  3.46354  2.40513  3.72494  3.29354  2.67741  2.69355  4.24690  2.90347  2.73739  3.18146  2.89801  2.37887  2.77519  2.98518  4.58477  3.61503
          0.03020  3.91093  4.63328  0.61958  0.77255  0.48576  0.95510
     86   2.67519  4.81672  2.98948  2.51979  4.21957  2.27678  3.63404  3.61629  2.02097  3.18541  4.02175  2.99180  3.83691  2.78972  2.18467  2.71168  2.83973  3.27497  5.36860  4.08953     98 k - - -
          2.68618  4.42225  2.77519  2.73123  3.46354  2.40513  3.72494  3.29354  2.67741  2.69355  4.24690  2.90347  2.73739  3.18146  2.89801  2.37887  2.77519  2.98518  4.58477  3.61503
          0.03020  3.91093  4.63328  0.61958  0.77255  0.48576  0.95510
     87   2.88937  5.06373  3.23468  2.62591  4.41252  3.56108  2.81642  3.82195  1.52835  3.30047  4.14607  3.07153  3.93456  2.70110  1.90709  2.88582  3.07291  3.49500  5.37654  4.14256     99 k - - -
          2.68618  4.42225  2.77519  2.73123  3.46354  2.40513  3.72494  3.29354  2.67741  2.69355  4.24690  2.90347  2.73739  3.18146  2.89801  2.37887  2.77519  2.98518  4.58477  3.61503
          0.03020  3.91093  4.63328  0.61958  0.77255  0.48576  0.95510
     88   2.68604  4.54857  3.30053  2.75196  3.17981  3.54665  2.93424  3.11300  2.54057  2.74120  3.65225  3.17643  3.93141  2.98408  2.54597  2.80917  2.91256  2.72184  4.66823  2.27077    100 y - - -
          2.68618  4.42225  2.77519  2.73123  3.46354  2.40513  3.72494  3.29354  2.67741  2.69355  4.24690  2.90347  2.73739  3.18146  2.89801  2.37887  2.77519  2.98518  4.58477  3.61503
          0.14237  3.91093  2.18324  0.61958  0.77255  0.48576  0.95510
     89   3.22417  4.62297  3.98712  3.67704  2.60171  3.65418  3.81924  3.24625  3.40131  2.65256  3.88315  3.84062  4.16650  3.79274  3.54153  3.42842  3.52140  3.13465  1.03971  2.60777    101 w - - -
          2.68618  4.42225  2.77519  2.73123  3.46354  2.40513  3.72494  3.29354  2.67741  2.69355  4.24690  2.90347  2.73739  3.18146  2.89801  2.37887  2.77519  2.98518  4.58477  3.61503
          0.02282  3.79139        *  0.61958  0.77255  0.00000        *
//
