HMMER3/f [3.3 | Nov 2019]
NAME  amoZ_Top_Sequences_msa
LENG  110
ALPH  amino
RF    no
MM    no
CONS  yes
CS    no
MAP   yes
DATE  Tue Jan 25 20:29:04 2022
NSEQ  42
EFFN  1.294556
CKSUM 2177111683
STATS LOCAL MSV      -10.0356  0.71536
STATS LOCAL VITERBI  -10.5165  0.71536
STATS LOCAL FORWARD   -3.9032  0.71536
HMM          A        C        D        E        F        G        H        I        K        L        M        N        P        Q        R        S        T        V        W        Y   
            m->m     m->i     m->d     i->m     i->i     d->m     d->d
  COMPO   2.17821  4.58364  3.30148  2.83613  3.27343  2.42360  4.01413  2.79344  2.80986  2.49549  3.47232  3.20829  3.56024  3.10240  3.08960  2.64212  2.77597  2.60371  5.13062  3.54509
          2.68618  4.42225  2.77519  2.73123  3.46354  2.40513  3.72494  3.29354  2.67741  2.69355  4.24690  2.90347  2.73739  3.18146  2.89801  2.37887  2.77519  2.98518  4.58477  3.61503
          0.01958  4.33873  5.06107  0.61958  0.77255  0.00000        *
      1   3.41513  4.90141  4.59858  4.25382  3.51480  4.21385  4.88115  2.74299  3.99184  2.05855  0.69944  4.46589  4.69798  4.35291  4.13669  3.80084  3.74096  2.79958  5.40122  4.19594      1 m - - -
          2.68618  4.42225  2.77519  2.73123  3.46354  2.40513  3.72494  3.29354  2.67741  2.69355  4.24690  2.90347  2.73739  3.18146  2.89801  2.37887  2.77519  2.98518  4.58477  3.61503
          0.01958  4.33873  5.06107  0.61958  0.77255  0.48576  0.95510
      2   2.86585  5.15726  2.83204  2.51515  4.59128  3.47205  3.81290  4.03117  2.01393  3.56255  4.37855  1.36865  3.97403  2.95671  2.88709  2.72671  2.92833  3.63922  5.71335  4.36706      2 n - - -
          2.68618  4.42225  2.77519  2.73123  3.46354  2.40513  3.72494  3.29354  2.67741  2.69355  4.24690  2.90347  2.73739  3.18146  2.89801  2.37887  2.77519  2.98518  4.58477  3.61503
          0.01958  4.33873  5.06107  0.61958  0.77255  0.48576  0.95510
      3   2.82792  5.01697  3.21655  2.63991  4.32478  3.59031  3.71847  3.72585  1.51507  3.28364  4.11049  3.12496  3.98068  2.86107  2.48091  2.84911  1.97381  3.39790  5.46123  3.82102      3 k - - -
          2.68618  4.42225  2.77519  2.73123  3.46354  2.40513  3.72494  3.29354  2.67741  2.69355  4.24690  2.90347  2.73739  3.18146  2.89801  2.37887  2.77519  2.98518  4.58477  3.61503
          0.13385  4.33873  2.18724  0.61958  0.77255  0.48576  0.95510
      4   2.39010  4.81738  3.05112  2.50043  4.10414  3.44659  3.67720  3.51539  1.94605  3.11683  3.93147  3.00828  2.75038  2.82828  2.76220  2.54400  2.77742  2.78140  5.35314  4.02766      4 k - - -
          2.68618  4.42225  2.77519  2.73123  3.46354  2.40513  3.72494  3.29354  2.67741  2.69355  4.24690  2.90347  2.73739  3.18146  2.89801  2.37887  2.77519  2.98518  4.58477  3.61503
          0.02193  4.22680  4.94915  0.61958  0.77255  0.62911  0.76157
      5   2.66237  4.22279  3.85357  3.28495  3.35024  3.71828  4.02237  1.68538  3.18180  2.18812  3.32476  3.59530  4.09627  3.04048  3.44749  2.69357  2.76482  2.14677  4.86678  3.65943      5 i - - -
          2.68618  4.42225  2.77519  2.73123  3.46354  2.40513  3.72494  3.29354  2.67741  2.69355  4.24690  2.90347  2.73739  3.18146  2.89801  2.37887  2.77519  2.98518  4.58477  3.61503
          0.02193  4.22680  4.94915  0.61958  0.77255  0.62911  0.76157
      6   3.27138  4.56736  5.06331  4.49541  2.70839  4.58072  4.92004  1.62884  4.36786  1.13725  3.04899  4.66538  4.79054  4.44421  4.44018  3.92828  3.49762  1.83086  5.22686  4.12359      6 l - - -
          2.68618  4.42225  2.77520  2.73124  3.46354  2.40513  3.72495  3.29354  2.67741  2.69355  4.24654  2.90347  2.73740  3.18147  2.89801  2.37887  2.77520  2.98519  4.58477  3.61503
          0.05013  3.17485  4.94915  0.49671  0.93784  0.40555  1.09844
      7   2.78257  4.18999  4.46648  3.87254  2.45893  3.25503  4.25403  2.33013  3.71978  1.50262  2.54604  4.00057  4.28039  3.88703  3.82418  3.24101  3.01336  2.02140  4.80035  3.63154      8 l - - -
          2.68618  4.42225  2.77519  2.73123  3.46354  2.40513  3.72494  3.29354  2.67741  2.69355  4.24690  2.90347  2.73739  3.18146  2.89801  2.37887  2.77519  2.98518  4.58477  3.61503
          0.01958  4.33873  5.06107  0.61958  0.77255  0.48576  0.95510
      8   1.27716  4.33341  3.75882  3.31899  4.21188  2.08852  4.29974  3.53544  3.29317  3.28380  4.13559  3.50235  3.90177  3.58257  3.62115  2.61994  2.19151  2.64641  5.59724  4.38431      9 a - - -
          2.68618  4.42225  2.77519  2.73123  3.46354  2.40513  3.72494  3.29354  2.67741  2.69355  4.24690  2.90347  2.73739  3.18146  2.89801  2.37887  2.77519  2.98518  4.58477  3.61503
          0.01958  4.33873  5.06107  0.61958  0.77255  0.48576  0.95510
      9   1.57672  4.35487  3.86249  3.36577  3.67334  3.56668  4.21850  2.75514  3.27756  1.72363  3.61282  3.63398  4.09810  3.58551  3.56603  2.92121  2.35543  2.54682  5.20803  3.99821     10 a - - -
          2.68618  4.42225  2.77519  2.73123  3.46354  2.40513  3.72494  3.29354  2.67741  2.69355  4.24690  2.90347  2.73739  3.18146  2.89801  2.37887  2.77519  2.98518  4.58477  3.61503
          0.01958  4.33873  5.06107  0.61958  0.77255  0.48576  0.95510
     10   2.28104  4.29756  3.65956  3.09541  3.46255  3.14871  3.94782  2.54340  3.03650  2.08295  3.43846  3.45398  4.02690  3.32494  3.35737  2.22249  2.57101  2.30717  4.92820  3.70672     11 l - - -
          2.68618  4.42225  2.77519  2.73123  3.46354  2.40513  3.72494  3.29354  2.67741  2.69355  4.24690  2.90347  2.73739  3.18146  2.89801  2.37887  2.77519  2.98518  4.58477  3.61503
          0.01958  4.33873  5.06107  0.61958  0.77255  0.48576  0.95510
     11   2.21916  4.34180  4.55132  3.96534  2.82519  4.10910  4.42697  2.30027  3.83301  1.27227  2.63298  4.14273  4.42439  3.99620  3.96176  3.41599  3.16867  2.13840  4.95605  3.81195     12 l - - -
          2.68618  4.42225  2.77519  2.73123  3.46354  2.40513  3.72494  3.29354  2.67741  2.69355  4.24690  2.90347  2.73739  3.18146  2.89801  2.37887  2.77519  2.98518  4.58477  3.61503
          0.01958  4.33873  5.06107  0.61958  0.77255  0.48576  0.95510
     12   2.51093  4.19643  4.38666  3.80431  3.30840  3.94224  4.28231  2.04030  3.67134  1.76109  2.87570  3.97318  4.29674  3.87685  3.81995  2.87683  3.01412  1.59367  4.89575  3.71092     13 v - - -
          2.68618  4.42225  2.77519  2.73123  3.46354  2.40513  3.72494  3.29354  2.67741  2.69355  4.24690  2.90347  2.73739  3.18146  2.89801  2.37887  2.77519  2.98518  4.58477  3.61503
          0.01958  4.33873  5.06107  0.61958  0.77255  0.48576  0.95510
     13   1.63550  4.30543  3.68265  3.13224  3.33086  3.24631  3.99504  2.82710  3.07484  2.39664  3.50549  3.47038  4.01918  3.36433  3.39530  2.51347  2.88509  2.12355  4.99667  3.77405     14 a - - -
          2.68618  4.42225  2.77519  2.73123  3.46354  2.40513  3.72494  3.29354  2.67741  2.69355  4.24690  2.90347  2.73739  3.18146  2.89801  2.37887  2.77519  2.98518  4.58477  3.61503
          0.34639  4.33873  1.27401  0.61958  0.77255  0.48576  0.95510
     14   1.69704  4.23405  3.94957  3.54296  3.76264  3.43291  4.40827  2.34816  3.46598  2.56981  3.66797  3.70506  4.05583  3.77391  3.72540  2.85346  2.93441  1.43660  5.38928  4.17074     15 v - - -
          2.68618  4.42225  2.77519  2.73123  3.46354  2.40513  3.72494  3.29354  2.67741  2.69355  4.24690  2.90347  2.73739  3.18146  2.89801  2.37887  2.77519  2.98518  4.58477  3.61503
          0.02705  4.01939  4.74174  0.61958  0.77255  0.32193  1.29007
     15   2.62483  4.15059  4.26631  3.67953  2.75403  2.82247  4.15981  2.35766  3.54839  1.96663  2.88403  3.85689  4.20194  3.75395  3.70274  3.13611  2.94171  1.61625  4.79162  3.60505     16 v - - -
          2.68618  4.42225  2.77519  2.73123  3.46354  2.40513  3.72494  3.29354  2.67741  2.69355  4.24690  2.90347  2.73739  3.18146  2.89801  2.37887  2.77519  2.98518  4.58477  3.61503
          0.04470  4.33873  3.48480  0.61958  0.77255  0.48576  0.95510
     16   2.77887  4.21791  4.34881  3.78172  1.79038  3.25682  4.23609  2.17104  3.65033  2.23392  3.27820  3.94486  4.27959  3.85513  3.80339  3.21814  3.02336  1.70645  4.82656  3.57985     17 v - - -
          2.68618  4.42225  2.77519  2.73123  3.46354  2.40513  3.72494  3.29354  2.67741  2.69355  4.24690  2.90347  2.73739  3.18146  2.89801  2.37887  2.77519  2.98518  4.58477  3.61503
          0.02008  4.31410  5.03645  0.61958  0.77255  0.52055  0.90188
     17   2.54934  4.21443  3.87500  3.30515  2.85656  3.69525  4.02658  2.19350  3.22330  2.41310  3.34423  3.60132  4.08726  3.48497  3.48686  2.06901  2.39745  2.14556  4.85803  3.65084     18 s - - -
          2.68618  4.42225  2.77519  2.73123  3.46354  2.40513  3.72494  3.29354  2.67741  2.69355  4.24690  2.90347  2.73739  3.18146  2.89801  2.37887  2.77519  2.98518  4.58477  3.61503
          0.02008  4.31410  5.03645  0.61958  0.77255  0.46461  0.98989
     18   1.85965  4.24187  4.46783  3.88366  2.90195  4.00968  4.34271  1.86595  3.75014  1.96442  2.66984  4.04750  4.34936  3.93755  3.88600  3.31483  3.06928  1.96652  4.91907  3.74755     19 a - - -
          2.68618  4.42225  2.77519  2.73123  3.46354  2.40513  3.72494  3.29354  2.67741  2.69355  4.24690  2.90347  2.73739  3.18146  2.89801  2.37887  2.77519  2.98518  4.58477  3.61503
          0.01958  4.33873  5.06107  0.61958  0.77255  0.48576  0.95510
     19   2.61029  4.50750  3.35218  2.80730  3.77840  2.15762  3.85811  3.15027  2.77659  2.39665  3.41293  3.24100  3.52014  3.10524  3.17495  2.45435  2.22496  2.87745  5.16661  3.90419     20 g - - -
          2.68618  4.42225  2.77519  2.73123  3.46354  2.40513  3.72494  3.29354  2.67741  2.69355  4.24690  2.90347  2.73739  3.18146  2.89801  2.37887  2.77519  2.98518  4.58477  3.61503
          0.07014  4.33873  2.90620  0.61958  0.77255  0.48576  0.95510
     20   2.21680  4.10940  4.03800  3.45283  3.03104  3.71486  4.01387  2.52174  3.33959  2.01243  2.78377  3.67808  3.69176  3.56689  3.53456  2.86667  2.53272  2.36305  3.11859  3.19149     21 l - - -
          2.68618  4.42225  2.77519  2.73123  3.46354  2.40513  3.72494  3.29354  2.67741  2.69355  4.24690  2.90347  2.73739  3.18146  2.89801  2.37887  2.77519  2.98518  4.58477  3.61503
          0.05548  4.28917  3.21263  0.61958  0.77255  0.55377  0.85515
     21   2.66845  4.07526  4.39625  3.79934  2.57929  3.81939  4.13212  2.03008  3.63578  2.01878  2.83632  3.89790  4.17698  3.80596  3.72703  2.96899  2.90038  1.86755  4.68351  2.74977     22 v - - -
          2.68618  4.42225  2.77519  2.73123  3.46354  2.40513  3.72494  3.29354  2.67741  2.69355  4.24690  2.90347  2.73739  3.18146  2.89801  2.37887  2.77519  2.98518  4.58477  3.61503
          0.11785  4.25501  2.33330  0.61958  0.77255  0.59632  0.80037
     22   2.01024  4.45180  3.28809  2.76900  3.86717  2.19185  3.84927  3.00734  2.75026  2.71581  3.77844  3.18129  3.20532  3.07896  3.15264  2.41160  2.81587  2.92939  5.23293  3.96569     23 a - - -
          2.68618  4.42225  2.77519  2.73123  3.46354  2.40513  3.72494  3.29354  2.67741  2.69355  4.24690  2.90347  2.73739  3.18146  2.89801  2.37887  2.77519  2.98518  4.58477  3.61503
          0.05982  4.16061  3.15909  0.61958  0.77255  0.59055  0.80749
     23   2.18109  4.78265  2.97531  2.18795  4.10207  2.45731  3.69389  3.51929  2.50778  3.12550  3.94041  2.98694  3.54445  2.78380  2.96728  2.51050  2.80931  2.85322  5.36857  4.03637     24 a - - -
          2.68618  4.42225  2.77519  2.73123  3.46354  2.40513  3.72494  3.29354  2.67741  2.69355  4.24690  2.90347  2.73739  3.18146  2.89801  2.37887  2.77519  2.98518  4.58477  3.61503
          0.02291  4.18323  4.90557  0.61958  0.77255  0.38287  1.14540
     24   2.18144  4.44160  3.15305  2.84046  3.18799  3.58971  3.83283  2.95911  2.80591  2.47914  3.33170  3.09135  3.97191  3.12061  3.18895  2.25427  2.63797  2.54286  5.01313  3.20693     25 a - - -
          2.68618  4.42225  2.77519  2.73123  3.46354  2.40513  3.72494  3.29354  2.67741  2.69355  4.24690  2.90347  2.73739  3.18146  2.89801  2.37887  2.77519  2.98518  4.58477  3.61503
          0.01958  4.33873  5.06107  0.61958  0.77255  0.48576  0.95510
     25   2.30230  5.06512  2.69192  2.33888  4.37300  3.06798  3.64528  3.83107  2.40498  3.35803  3.81161  2.71303  2.95095  2.58711  2.89101  2.13072  2.89569  3.43747  5.52999  4.14439     26 s - - -
          2.68618  4.42225  2.77519  2.73123  3.46354  2.40513  3.72494  3.29354  2.67741  2.69355  4.24690  2.90347  2.73739  3.18146  2.89801  2.37887  2.77519  2.98518  4.58477  3.61503
          0.01958  4.33873  5.06107  0.61958  0.77255  0.48576  0.95510
     26   2.66115  4.21125  3.88688  3.31196  2.85128  3.72269  4.01443  2.28016  3.22343  2.38025  3.31450  3.60948  3.44992  2.84774  3.47970  2.99634  2.64975  1.69063  4.82688  3.62184     27 v - - -
          2.68618  4.42225  2.77519  2.73123  3.46354  2.40513  3.72494  3.29354  2.67741  2.69355  4.24690  2.90347  2.73739  3.18146  2.89801  2.37887  2.77519  2.98518  4.58477  3.61503
          0.01958  4.33873  5.06107  0.61958  0.77255  0.48576  0.95510
     27   0.71508  4.34506  4.03712  3.75640  4.30513  3.24534  4.65221  3.28469  3.70125  3.24997  4.26905  3.75349  4.00766  3.99957  3.92830  2.71869  2.98852  2.64405  5.81408  4.60927     28 a - - -
          2.68618  4.42225  2.77519  2.73123  3.46354  2.40513  3.72494  3.29354  2.67741  2.69355  4.24690  2.90347  2.73739  3.18146  2.89801  2.37887  2.77519  2.98518  4.58477  3.61503
          0.01958  4.33873  5.06107  0.61958  0.77255  0.48576  0.95510
     28   2.22808  4.21748  4.03219  3.46116  1.86551  3.77968  3.36412  2.66409  3.35290  2.37368  2.59327  3.69759  4.14823  3.58666  3.56665  3.06199  2.94414  2.47449  4.62756  2.92506     29 f - - -
          2.68618  4.42225  2.77519  2.73123  3.46354  2.40513  3.72494  3.29354  2.67741  2.69355  4.24690  2.90347  2.73739  3.18146  2.89801  2.37887  2.77519  2.98518  4.58477  3.61503
          0.01958  4.33873  5.06107  0.61958  0.77255  0.48576  0.95510
     29   0.50839  4.49928  4.01176  3.85582  4.59200  3.30629  4.81086  3.79449  3.88654  3.65145  4.64934  3.86337  4.09132  4.18589  4.08442  2.85504  3.16605  3.36118  5.96701  4.83242     30 A - - -
          2.68618  4.42225  2.77519  2.73123  3.46354  2.40513  3.72494  3.29354  2.67741  2.69355  4.24690  2.90347  2.73739  3.18146  2.89801  2.37887  2.77519  2.98518  4.58477  3.61503
          0.01958  4.33873  5.06107  0.61958  0.77255  0.48576  0.95510
     30   2.74773  5.06851  3.04957  2.80199  4.47630  3.53256  4.01674  3.96524  2.65445  3.50703  4.46443  3.26021  4.10498  0.92243  2.95680  3.02360  3.29907  3.63154  5.70838  4.38945     31 q - - -
          2.68622  4.42229  2.77524  2.73127  3.46358  2.40511  3.72499  3.29358  2.67745  2.69303  4.24694  2.90351  2.73744  3.18150  2.89805  2.37891  2.77524  2.98522  4.58481  3.61507
          0.22058  1.65231  5.06107  0.29666  1.35982  0.48576  0.95510
     31   3.98918  5.28563  4.56253  4.40004  2.47308  4.40140  3.94095  3.94486  4.24813  3.27184  4.57241  4.34580  4.87352  4.43368  4.32514  4.06887  4.28320  3.83968  4.12697  0.44388     34 Y - - -
          2.68618  4.42225  2.77519  2.73123  3.46354  2.40513  3.72494  3.29354  2.67741  2.69355  4.24690  2.90347  2.73739  3.18146  2.89801  2.37887  2.77519  2.98518  4.58477  3.61503
          0.06684  4.33873  2.96427  0.61958  0.77255  0.48576  0.95510
     32   2.53038  4.45943  3.38314  2.83947  3.65238  2.43351  3.84565  3.00738  2.78118  2.59932  2.17621  3.26920  3.96123  2.80505  3.15445  2.80829  2.65511  2.76389  5.06642  3.81667     35 m - - -
          2.68618  4.42225  2.77519  2.73123  3.46354  2.40513  3.72494  3.29354  2.67741  2.69355  4.24690  2.90347  2.73739  3.18146  2.89801  2.37887  2.77519  2.98518  4.58477  3.61503
          0.06655  4.29241  2.98155  0.61958  0.77255  0.54956  0.86086
     33   2.53635  4.53479  3.19202  2.61635  4.13182  1.50854  3.96048  3.50991  2.84846  3.18418  4.02732  3.19821  3.87506  3.17497  3.25124  2.42745  2.55325  2.73434  5.46432  4.18789     36 g - - -
          2.68618  4.42225  2.77519  2.73123  3.46354  2.40513  3.72494  3.29354  2.67741  2.69355  4.24690  2.90347  2.73739  3.18146  2.89801  2.37887  2.77519  2.98518  4.58477  3.61503
          0.28721  4.24733  1.44670  0.61958  0.77255  0.60544  0.78930
     34   2.55538  4.68643  2.69452  2.47845  4.33500  3.16359  3.83552  3.81872  2.70003  3.42031  4.25344  1.55447  3.06553  3.02413  3.12515  2.38510  2.91828  3.38047  5.59636  4.24622     37 n - - -
          2.68624  4.42231  2.77525  2.73129  3.46360  2.40512  3.72500  3.29360  2.67746  2.69361  4.24695  2.90352  2.73745  3.18152  2.89806  2.37892  2.77525  2.98420  4.58483  3.61509
          0.63612  0.89340  2.79041  0.16517  1.88222  0.74209  0.64649
     35   2.73732  4.84979  2.09127  2.46940  4.53656  1.23295  3.97523  4.04746  2.98769  3.65407  4.52470  2.97157  3.85006  3.19144  3.46878  2.77368  3.11823  3.59973  5.74813  4.44031     39 g - - -
          2.68618  4.42225  2.77519  2.73123  3.46354  2.40513  3.72494  3.29354  2.67741  2.69355  4.24690  2.90347  2.73739  3.18146  2.89801  2.37887  2.77519  2.98518  4.58477  3.61503
          0.02759  3.99985  4.72220  0.61958  0.77255  0.83527  0.56873
     36   2.49829  4.89198  2.60805  2.21640  4.22766  2.92976  3.64487  3.66621  2.46842  3.23927  4.04337  2.86424  3.50794  2.68959  2.95019  1.98009  2.76131  3.29963  5.45321  4.08774     40 s - - -
          2.68618  4.42226  2.77515  2.73118  3.46354  2.40513  3.72495  3.29355  2.67741  2.69355  4.24690  2.90347  2.73740  3.18147  2.89801  2.37887  2.77520  2.98519  4.58477  3.61504
          0.07480  2.76179  4.72220  0.46774  0.98462  0.78203  0.61153
     37   2.50792  5.00411  2.60546  1.85494  4.30343  2.90755  3.61822  3.75319  2.41908  3.30056  4.09048  2.84211  3.78858  2.51197  2.90732  2.47057  2.88525  3.14814  5.49225  4.10859     42 e - - -
          2.68618  4.42225  2.77519  2.73123  3.46354  2.40513  3.72494  3.29354  2.67741  2.69355  4.24690  2.90347  2.73739  3.18146  2.89801  2.37887  2.77519  2.98518  4.58477  3.61503
          0.02671  4.03177  4.75412  0.61958  0.77255  0.81126  0.58752
     38   2.08519  4.27919  3.30200  3.15971  4.43780  1.02124  4.32943  3.83071  3.33841  3.56602  4.44277  3.34923  3.76737  3.62559  3.62855  2.52293  2.85300  3.28916  5.74962  4.55863     43 g - - -
          2.68618  4.42225  2.77519  2.73123  3.46354  2.40513  3.72494  3.29354  2.67741  2.69355  4.24690  2.90347  2.73739  3.18146  2.89801  2.37887  2.77519  2.98518  4.58477  3.61503
          0.02671  4.03177  4.75412  0.61958  0.77255  0.71636  0.67046
     39   2.59860  5.16218  2.42227  1.91601  4.47808  3.12409  3.61838  3.95517  2.27460  3.45405  4.22206  2.81646  3.25963  2.22836  2.90615  2.63903  2.92497  3.53925  5.60593  4.19146     44 e - - -
          2.68618  4.42225  2.77519  2.73123  3.46354  2.40513  3.72494  3.29354  2.67741  2.69355  4.24690  2.90347  2.73739  3.18146  2.89801  2.37887  2.77519  2.98518  4.58477  3.61503
          0.02525  4.08740  4.80974  0.61958  0.77255  0.68233  0.70408
     40   2.51130  4.51865  2.84640  2.69436  4.02435  2.45379  3.86308  3.37495  2.75317  3.07042  3.91887  3.12340  3.83340  3.07163  3.17334  2.62730  1.73880  2.66275  5.36426  4.07777     45 t - - -
          2.68618  4.42225  2.77519  2.73123  3.46354  2.40513  3.72494  3.29354  2.67741  2.69355  4.24690  2.90347  2.73739  3.18146  2.89801  2.37887  2.77519  2.98518  4.58477  3.61503
          0.02409  4.13375  4.85609  0.61958  0.77255  0.36101  1.19394
     41   1.90665  4.40829  3.68595  3.55476  4.76140  0.77889  4.66838  4.16878  3.73444  3.89678  4.73763  3.63026  3.95075  3.98084  3.99365  2.66611  3.01039  3.53891  6.07467  4.91804     46 g - - -
          2.68618  4.42225  2.77519  2.73123  3.46354  2.40513  3.72494  3.29354  2.67741  2.69355  4.24690  2.90347  2.73739  3.18146  2.89801  2.37887  2.77519  2.98518  4.58477  3.61503
          0.01958  4.33873  5.06107  0.61958  0.77255  0.48576  0.95510
     42   2.50656  4.88374  3.03295  2.50784  4.23431  2.19780  3.71968  3.66215  2.12178  3.24350  4.04355  3.01885  3.87149  2.74475  2.94862  2.22008  2.66837  3.11038  5.46040  4.11858     47 k - - -
          2.68618  4.42225  2.77519  2.73123  3.46354  2.40513  3.72494  3.29354  2.67741  2.69355  4.24690  2.90347  2.73739  3.18146  2.89801  2.37887  2.77519  2.98518  4.58477  3.61503
          0.01958  4.33873  5.06107  0.61958  0.77255  0.48576  0.95510
     43   2.47421  4.62579  3.20952  2.65880  3.80807  2.49216  3.44349  3.20365  2.64062  2.66678  3.72207  2.73931  3.92384  2.97770  3.06622  2.56962  2.88405  2.81119  5.16988  2.61836     48 a - - -
          2.68621  4.42242  2.77500  2.73124  3.46371  2.40519  3.72511  3.29310  2.67743  2.69356  4.24663  2.90363  2.73732  3.18163  2.89818  2.37886  2.77492  2.98517  4.58494  3.61520
          0.31584  1.32997  5.06107  1.05687  0.42701  0.48576  0.95510
     44   1.69930  4.34241  3.71415  3.24896  4.11993  2.77560  4.22957  3.47539  3.21854  3.19672  4.04890  3.47034  3.90453  3.51250  3.55628  2.43200  1.46711  2.62105  5.50830  4.28881     53 t - - -
          2.68618  4.42225  2.77519  2.73123  3.46354  2.40513  3.72494  3.29354  2.67741  2.69355  4.24690  2.90347  2.73739  3.18146  2.89801  2.37887  2.77519  2.98518  4.58477  3.61503
          0.01958  4.33873  5.06107  0.61958  0.77255  0.48576  0.95510
     45   2.70197  4.36577  3.89861  3.42103  3.57908  3.62850  4.22131  2.73772  3.28731  1.33351  3.54626  3.68095  4.14045  3.62022  3.54500  2.78469  1.95380  2.55376  5.14052  3.92229     54 l - - -
          2.68618  4.42225  2.77519  2.73123  3.46354  2.40513  3.72494  3.29354  2.67741  2.69355  4.24690  2.90347  2.73739  3.18146  2.89801  2.37887  2.77519  2.98518  4.58477  3.61503
          0.01958  4.33873  5.06107  0.61958  0.77255  0.48576  0.95510
     46   2.90525  5.34764  2.61866  1.25968  4.66811  3.44802  3.78792  4.13623  2.46157  3.64165  4.44521  2.92538  2.57394  2.75732  3.04396  2.84903  3.15536  3.73607  5.79691  4.39026     55 e - - -
          2.68618  4.42225  2.77519  2.73123  3.46354  2.40513  3.72494  3.29354  2.67741  2.69355  4.24690  2.90347  2.73739  3.18146  2.89801  2.37887  2.77519  2.98518  4.58477  3.61503
          0.01958  4.33873  5.06107  0.61958  0.77255  0.48576  0.95510
     47   2.41848  5.41012  2.39165  1.17133  4.72024  3.41608  3.81432  4.20190  2.68851  3.71045  4.51412  2.88722  3.94916  2.64200  3.21283  2.85319  3.18299  3.79002  5.87521  4.43343     56 e - - -
          2.68618  4.42225  2.77519  2.73123  3.46354  2.40513  3.72494  3.29354  2.67741  2.69355  4.24690  2.90347  2.73739  3.18146  2.89801  2.37887  2.77519  2.98518  4.58477  3.61503
          0.01958  4.33873  5.06107  0.61958  0.77255  0.48576  0.95510
     48   2.01554  4.97500  2.96111  2.17328  4.26516  3.46920  3.70041  3.43793  2.46218  3.26170  4.06579  2.99234  3.88532  1.92851  2.91426  2.70979  2.83652  3.33265  5.47710  4.12649     57 q - - -
          2.68618  4.42225  2.77519  2.73123  3.46354  2.40513  3.72494  3.29354  2.67741  2.69355  4.24690  2.90347  2.73739  3.18146  2.89801  2.37887  2.77519  2.98518  4.58477  3.61503
          0.01958  4.33873  5.06107  0.61958  0.77255  0.48576  0.95510
     49   3.72688  5.06469  4.93968  4.60577  3.38724  4.57122  5.12058  2.63708  4.37241  0.45876  3.30597  4.83913  4.94150  4.62329  4.46199  4.23720  4.00763  2.79081  5.40830  4.23159     58 L - - -
          2.68618  4.42225  2.77519  2.73123  3.46354  2.40513  3.72494  3.29354  2.67741  2.69355  4.24690  2.90347  2.73739  3.18146  2.89801  2.37887  2.77519  2.98518  4.58477  3.61503
          0.01958  4.33873  5.06107  0.61958  0.77255  0.48576  0.95510
     50   2.59309  5.28224  2.77697  1.46297  4.61907  3.47457  3.71834  4.07873  2.07191  3.56649  4.34931  2.94711  3.92543  2.32748  2.85479  2.79047  3.07064  3.67278  5.70098  4.31744     59 e - - -
          2.68645  4.41520  2.77576  2.73013  3.46329  2.40541  3.72481  3.29221  2.67752  2.69358  4.24770  2.90364  2.73769  3.18045  2.89863  2.37933  2.77508  2.98578  4.58557  3.61583
          0.27658  1.44695  5.06107  2.58496  0.07839  0.48576  0.95510
     51   3.57325  4.83402  5.31275  4.77957  3.29586  4.91756  5.27403  1.54008  4.61519  0.82038  3.07632  5.00547  5.05896  4.69001  4.68649  4.31212  3.80097  2.23894  5.45306  4.38578     77 l - - -
          2.68618  4.42225  2.77519  2.73123  3.46354  2.40513  3.72494  3.29354  2.67741  2.69355  4.24690  2.90347  2.73739  3.18146  2.89801  2.37887  2.77519  2.98518  4.58477  3.61503
          0.01958  4.33873  5.06107  0.61958  0.77255  0.48576  0.95510
     52   1.37613  4.78295  3.12615  2.77949  4.34584  3.40613  3.98112  3.74001  2.74200  3.36728  4.24219  3.21649  3.97612  1.77923  3.10700  2.80243  3.05760  3.37182  5.62090  4.32002     78 a - - -
          2.68618  4.42225  2.77519  2.73123  3.46354  2.40513  3.72494  3.29354  2.67741  2.69355  4.24690  2.90347  2.73739  3.18146  2.89801  2.37887  2.77519  2.98518  4.58477  3.61503
          0.01958  4.33873  5.06107  0.61958  0.77255  0.48576  0.95510
     53   2.58925  5.22891  3.33647  2.70438  4.63446  3.67276  3.70389  4.01910  1.50986  3.48712  4.30399  3.17266  4.04331  2.68273  1.62154  2.95112  2.91956  3.66198  5.57766  4.32535     79 k - - -
          2.68618  4.42225  2.77519  2.73123  3.46354  2.40513  3.72494  3.29354  2.67741  2.69355  4.24690  2.90347  2.73739  3.18146  2.89801  2.37887  2.77519  2.98518  4.58477  3.61503
          0.01958  4.33873  5.06107  0.61958  0.77255  0.48576  0.95510
     54   2.52125  5.23331  3.17029  2.19449  4.61749  3.61243  3.69674  4.02415  1.87281  3.49686  4.30037  3.10134  3.99989  2.81539  1.52596  2.88718  3.11517  3.65176  5.59813  4.30866     80 r - - -
          2.68618  4.42225  2.77519  2.73123  3.46354  2.40513  3.72494  3.29354  2.67741  2.69355  4.24690  2.90347  2.73739  3.18146  2.89801  2.37887  2.77519  2.98518  4.58477  3.61503
          0.01958  4.33873  5.06107  0.61958  0.77255  0.48576  0.95510
     55   3.16246  5.32045  3.59063  2.91122  4.81030  3.79822  3.75053  4.15346  1.60973  3.58254  4.43422  3.32205  4.16530  2.87848  1.15898  2.70658  3.33438  3.81602  5.62033  4.44436     81 r - - -
          2.68618  4.42225  2.77519  2.73123  3.46354  2.40513  3.72494  3.29354  2.67741  2.69355  4.24690  2.90347  2.73739  3.18146  2.89801  2.37887  2.77519  2.98518  4.58477  3.61503
          0.01958  4.33873  5.06107  0.61958  0.77255  0.48576  0.95510
     56   2.96312  4.34946  4.55428  3.98580  3.46443  4.18558  4.54846  1.43203  3.15410  1.80400  3.36597  4.19214  4.51333  4.08271  4.01093  3.50233  3.20142  1.55023  5.16070  3.97647     82 i - - -
          2.68618  4.42225  2.77519  2.73123  3.46354  2.40513  3.72494  3.29354  2.67741  2.69355  4.24690  2.90347  2.73739  3.18146  2.89801  2.37887  2.77519  2.98518  4.58477  3.61503
          0.01958  4.33873  5.06107  0.61958  0.77255  0.48576  0.95510
     57   2.49659  4.97678  2.71128  2.08189  4.25017  3.45613  3.66622  2.95538  2.44451  3.25222  4.04195  2.96103  3.85636  2.52798  2.92155  2.49598  2.23146  3.32816  5.45898  4.09589     83 e - - -
          2.68618  4.42225  2.77519  2.73123  3.46354  2.40513  3.72494  3.29354  2.67741  2.69355  4.24690  2.90347  2.73739  3.18146  2.89801  2.37887  2.77519  2.98518  4.58477  3.61503
          0.01958  4.33873  5.06107  0.61958  0.77255  0.48576  0.95510
     58   1.73051  4.56520  3.27285  2.75319  3.85993  3.47089  3.84682  3.25031  2.74304  2.92223  3.77931  2.86783  3.92652  3.07432  3.15439  2.42214  2.37335  2.96150  5.22851  2.93635     84 a - - -
          2.68618  4.42225  2.77519  2.73123  3.46354  2.40513  3.72494  3.29354  2.67741  2.69355  4.24690  2.90347  2.73739  3.18146  2.89801  2.37887  2.77519  2.98518  4.58477  3.61503
          0.01958  4.33873  5.06107  0.61958  0.77255  0.48576  0.95510
     59   0.94581  4.34992  4.10843  3.74201  4.08424  3.39127  4.59967  2.84204  3.67130  2.95801  4.00946  3.80632  4.09263  3.96195  3.91424  2.83605  3.02010  1.94055  5.65136  4.44663     85 a - - -
          2.68618  4.42225  2.77519  2.73123  3.46354  2.40513  3.72494  3.29354  2.67741  2.69355  4.24690  2.90347  2.73739  3.18146  2.89801  2.37887  2.77519  2.98518  4.58477  3.61503
          0.01958  4.33873  5.06107  0.61958  0.77255  0.48576  0.95510
     60   2.48931  5.27401  2.63676  1.90656  4.59145  3.44580  3.73184  4.05832  2.40871  3.56216  4.34602  2.91924  3.91307  1.60591  2.97549  2.77618  3.06463  3.65382  5.71550  4.31277     86 q - - -
          2.68618  4.42225  2.77519  2.73123  3.46354  2.40513  3.72494  3.29354  2.67741  2.69355  4.24690  2.90347  2.73739  3.18146  2.89801  2.37887  2.77519  2.98518  4.58477  3.61503
          0.07014  4.33873  2.90620  0.61958  0.77255  0.48576  0.95510
     61   2.13955  5.15656  2.38909  2.11848  4.47566  3.41281  3.65075  3.94901  2.42335  3.45269  4.21321  2.57067  3.83869  2.33420  2.92072  2.47149  2.93111  3.36119  5.60672  4.20052     87 e - - -
          2.68621  4.42228  2.77522  2.73126  3.46356  2.40515  3.72497  3.29357  2.67743  2.69350  4.24692  2.90315  2.73742  3.18149  2.89803  2.37889  2.77522  2.98512  4.58480  3.61506
          0.06858  2.81983  5.01152  0.82692  0.57518  0.44547  1.02310
     62   2.58871  5.34707  2.51972  1.91799  4.73920  3.40931  3.88976  4.20585  2.77600  3.74766  4.57723  1.25438  3.98342  3.04756  3.27555  2.90256  3.24171  3.79721  5.92003  4.49340     91 n - - -
          2.68618  4.42225  2.77519  2.73123  3.46354  2.40513  3.72494  3.29354  2.67741  2.69355  4.24690  2.90347  2.73739  3.18146  2.89801  2.37887  2.77519  2.98518  4.58477  3.61503
          0.01958  4.33873  5.06107  0.61958  0.77255  0.48576  0.95510
     63   2.74532  4.66573  3.55415  3.40165  4.81398  1.78412  4.59934  4.33801  3.60113  3.97101  4.82987  3.65053  0.87403  3.89007  3.90810  2.90481  3.23509  3.76036  6.00992  4.89167     92 p - - -
          2.68618  4.42225  2.77519  2.73123  3.46354  2.40513  3.72494  3.29354  2.67741  2.69355  4.24690  2.90347  2.73739  3.18146  2.89801  2.37887  2.77519  2.98518  4.58477  3.61503
          0.01958  4.33873  5.06107  0.61958  0.77255  0.48576  0.95510
     64   1.74740  5.02206  2.63037  2.42340  4.35994  3.00122  3.07198  3.80837  2.51742  3.36301  4.15164  2.68436  3.87248  2.84931  3.00291  2.34458  2.94842  3.42762  5.55915  4.18451     93 a - - -
          2.68618  4.42225  2.77519  2.73123  3.46354  2.40513  3.72494  3.29354  2.67741  2.69355  4.24690  2.90347  2.73739  3.18146  2.89801  2.37887  2.77519  2.98518  4.58477  3.61503
          0.01958  4.33873  5.06107  0.61958  0.77255  0.48576  0.95510
     65   2.15345  4.68698  3.17118  2.62863  3.92217  3.50331  3.75978  3.31737  2.27065  2.96582  3.80999  3.11527  3.91249  2.95292  3.02565  2.20362  2.54433  3.02748  5.25228  2.70971     94 a - - -
          2.68618  4.42225  2.77519  2.73123  3.46354  2.40513  3.72494  3.29354  2.67741  2.69355  4.24690  2.90347  2.73739  3.18146  2.89801  2.37887  2.77519  2.98518  4.58477  3.61503
          0.01958  4.33873  5.06107  0.61958  0.77255  0.48576  0.95510
     66   3.34906  5.05216  4.11526  4.08436  5.16893  0.27298  5.14911  4.90844  4.32706  4.49182  5.48915  4.28209  4.45461  4.61510  4.48719  3.53799  3.86510  4.34605  6.11481  5.29519     95 G - - -
          2.68618  4.42225  2.77519  2.73123  3.46354  2.40513  3.72494  3.29354  2.67741  2.69355  4.24690  2.90347  2.73739  3.18146  2.89801  2.37887  2.77519  2.98518  4.58477  3.61503
          0.01958  4.33873  5.06107  0.61958  0.77255  0.48576  0.95510
     67   2.61639  4.52970  3.69606  3.56126  4.59244  3.25502  4.64189  4.19378  3.66966  3.88473  4.78519  3.68643  4.03695  3.98293  3.92023  0.55904  3.13575  3.61856  5.92898  4.68742     96 S - - -
          2.68618  4.42225  2.77519  2.73123  3.46354  2.40513  3.72494  3.29354  2.67741  2.69355  4.24690  2.90347  2.73739  3.18146  2.89801  2.37887  2.77519  2.98518  4.58477  3.61503
          0.01958  4.33873  5.06107  0.61958  0.77255  0.48576  0.95510
     68   3.34906  5.05216  4.11526  4.08436  5.16893  0.27298  5.14911  4.90844  4.32706  4.49182  5.48915  4.28209  4.45461  4.61510  4.48719  3.53799  3.86510  4.34605  6.11481  5.29519     97 G - - -
          2.68618  4.42225  2.77519  2.73123  3.46354  2.40513  3.72494  3.29354  2.67741  2.69355  4.24690  2.90347  2.73739  3.18146  2.89801  2.37887  2.77519  2.98518  4.58477  3.61503
          0.01958  4.33873  5.06107  0.61958  0.77255  0.48576  0.95510
     69   2.74613  4.58387  3.93549  3.74233  4.47459  3.39999  4.71178  3.66606  3.69561  3.51095  4.54912  3.84985  4.14880  4.07003  3.91236  2.95498  0.57474  3.30373  5.86424  4.69866     98 T - - -
          2.68618  4.42225  2.77519  2.73123  3.46354  2.40513  3.72494  3.29354  2.67741  2.69355  4.24690  2.90347  2.73739  3.18146  2.89801  2.37887  2.77519  2.98518  4.58477  3.61503
          0.01958  4.33873  5.06107  0.61958  0.77255  0.48576  0.95510
     70   2.25982  4.58115  3.21536  2.88386  4.47028  3.24180  4.10908  3.90951  2.99551  3.53301  4.34294  2.76946  1.50645  3.30630  3.40388  1.85930  2.94440  3.42042  5.75094  4.46449     99 p - - -
          2.68618  4.42225  2.77519  2.73123  3.46354  2.40513  3.72494  3.29354  2.67741  2.69355  4.24690  2.90347  2.73739  3.18146  2.89801  2.37887  2.77519  2.98518  4.58477  3.61503
          0.01958  4.33873  5.06107  0.61958  0.77255  0.48576  0.95510
     71   3.04469  4.51203  4.32193  3.79384  2.85312  4.07688  4.07978  2.70834  3.62241  2.20187  1.93634  3.97798  4.42822  3.86102  3.80635  3.39128  3.28211  2.51663  4.52826  1.47307    100 y - - -
          2.68618  4.42225  2.77519  2.73123  3.46354  2.40513  3.72494  3.29354  2.67741  2.69355  4.24690  2.90347  2.73739  3.18146  2.89801  2.37887  2.77519  2.98518  4.58477  3.61503
          0.01958  4.33873  5.06107  0.61958  0.77255  0.48576  0.95510
     72   3.37052  4.67427  5.14362  4.56030  2.42851  4.63997  4.93329  2.25540  4.42198  0.91696  2.72594  4.72835  4.82822  4.45347  4.46598  3.98152  3.58787  1.93143  5.19858  4.12534    101 l - - -
          2.68582  4.42237  2.77532  2.73135  3.46366  2.40492  3.72507  3.29366  2.67724  2.69367  4.24702  2.90350  2.73752  3.18148  2.89809  2.37883  2.77508  2.98531  4.58489  3.61515
          0.33811  1.27101  5.06107  0.74098  0.64749  0.48576  0.95510
     73   2.52003  5.25010  1.80355  2.10573  4.57784  2.98410  3.72094  4.05796  2.53567  3.56079  4.33202  2.63121  3.88416  2.84175  3.04917  2.57974  2.43682  3.63882  5.71749  4.29619    105 d - - -
          2.68618  4.42225  2.77519  2.73123  3.46354  2.40513  3.72494  3.29354  2.67741  2.69355  4.24690  2.90347  2.73739  3.18146  2.89801  2.37887  2.77519  2.98518  4.58477  3.61503
          0.01958  4.33873  5.06107  0.61958  0.77255  0.48576  0.95510
     74   1.61470  4.28206  3.92257  3.36951  2.59637  3.71406  4.10385  2.62149  3.28562  2.05309  3.38433  3.65768  4.13308  3.55231  3.55131  3.01431  2.54748  2.44086  4.93374  3.71145    106 a - - -
          2.68618  4.42225  2.77519  2.73123  3.46354  2.40513  3.72494  3.29354  2.67741  2.69355  4.24690  2.90347  2.73739  3.18146  2.89801  2.37887  2.77519  2.98518  4.58477  3.61503
          0.01958  4.33873  5.06107  0.61958  0.77255  0.48576  0.95510
     75   2.69478  5.00822  2.26313  2.42672  4.31142  2.18645  3.70801  3.76249  2.50796  3.32412  4.11690  2.71138  3.87303  2.84265  2.99094  2.20755  2.94119  3.39320  3.99991  4.15083    107 g - - -
          2.68618  4.42225  2.77519  2.73123  3.46354  2.40513  3.72494  3.29354  2.67741  2.69355  4.24690  2.90347  2.73739  3.18146  2.89801  2.37887  2.77519  2.98518  4.58477  3.61503
          0.06515  4.33873  2.99534  0.61958  0.77255  0.48576  0.95510
     76   2.93275  5.37294  2.48475  1.74545  4.71358  1.59812  3.83258  4.19488  2.71158  3.71128  4.52960  2.54858  3.95074  2.76965  3.21968  2.86928  3.20454  3.78719  5.87985  4.44795    108 g - - -
          2.68618  4.42225  2.77519  2.73123  3.46354  2.40513  3.72494  3.29354  2.67741  2.69355  4.24690  2.90347  2.73739  3.18146  2.89801  2.37887  2.77519  2.98518  4.58477  3.61503
          0.02049  4.29406  5.01641  0.61958  0.77255  0.54740  0.86382
     77   2.56206  4.31420  4.39546  3.83541  3.47780  4.05944  4.46252  2.12646  3.72300  1.90984  3.11322  4.06299  4.42084  3.96849  3.92779  3.37568  2.75747  1.24045  5.13817  3.94649    109 v - - -
          2.68618  4.42225  2.77519  2.73123  3.46354  2.40513  3.72494  3.29354  2.67741  2.69355  4.24690  2.90347  2.73739  3.18146  2.89801  2.37887  2.77519  2.98518  4.58477  3.61503
          0.02049  4.29406  5.01641  0.61958  0.77255  0.54740  0.86382
     78   2.28341  4.24364  3.99943  3.43893  3.42142  2.74671  4.15140  2.28236  3.34960  2.06158  3.38597  3.71623  4.17044  3.61355  3.60283  3.06696  2.95684  1.61155  4.96060  3.75534    110 v - - -
          2.68618  4.42225  2.77519  2.73123  3.46354  2.40513  3.72494  3.29354  2.67741  2.69355  4.24690  2.90347  2.73739  3.18146  2.89801  2.37887  2.77519  2.98518  4.58477  3.61503
          0.02049  4.29406  5.01641  0.61958  0.77255  0.44906  1.01674
     79   2.45232  4.32233  3.86625  3.32034  3.53537  1.84084  4.13822  2.05067  3.24582  2.30959  3.48739  3.63631  4.14389  3.53435  3.54080  3.01396  2.97273  2.17182  5.06166  3.84604    111 g - - -
          2.68618  4.42225  2.77519  2.73123  3.46354  2.40513  3.72494  3.29354  2.67741  2.69355  4.24690  2.90347  2.73739  3.18146  2.89801  2.37887  2.77519  2.98518  4.58477  3.61503
          0.01958  4.33873  5.06107  0.61958  0.77255  0.48576  0.95510
     80   1.64832  4.27128  3.96962  3.40491  2.64789  3.78145  3.99633  2.67784  3.31065  2.36892  2.95405  3.67424  4.15616  3.55758  3.55282  3.06299  2.96971  2.49874  4.68748  2.39652    112 a - - -
          2.68618  4.42225  2.77519  2.73123  3.46354  2.40513  3.72494  3.29354  2.67741  2.69355  4.24690  2.90347  2.73739  3.18146  2.89801  2.37887  2.77519  2.98518  4.58477  3.61503
          0.01958  4.33873  5.06107  0.61958  0.77255  0.48576  0.95510
     81   2.20406  4.23592  3.85989  3.29013  3.38616  3.70428  4.03294  2.17651  3.21142  2.43964  2.97347  3.59704  4.09573  3.47818  3.48421  2.23735  2.57918  2.05893  4.88496  3.67652    113 v - - -
          2.68618  4.42225  2.77519  2.73123  3.46354  2.40513  3.72494  3.29354  2.67741  2.69355  4.24690  2.90347  2.73739  3.18146  2.89801  2.37887  2.77519  2.98518  4.58477  3.61503
          0.01958  4.33873  5.06107  0.61958  0.77255  0.48576  0.95510
     82   1.77406  4.26925  4.03198  3.49346  3.52995  2.94161  4.22727  1.90341  3.41095  2.51626  3.48884  3.74277  4.17090  3.67584  3.66651  3.03721  2.97623  1.82108  5.06632  3.86062    114 a - - -
          2.68618  4.42225  2.77519  2.73123  3.46354  2.40513  3.72494  3.29354  2.67741  2.69355  4.24690  2.90347  2.73739  3.18146  2.89801  2.37887  2.77519  2.98518  4.58477  3.61503
          0.01958  4.33873  5.06107  0.61958  0.77255  0.48576  0.95510
     83   2.08884  4.43899  4.72093  4.21156  3.72612  4.27723  4.88912  1.10229  4.10943  2.38458  3.57120  4.39652  4.67164  4.36664  4.30990  3.64706  3.32950  1.61267  5.52050  4.31865    115 i - - -
          2.68618  4.42225  2.77519  2.73123  3.46354  2.40513  3.72494  3.29354  2.67741  2.69355  4.24690  2.90347  2.73739  3.18146  2.89801  2.37887  2.77519  2.98518  4.58477  3.61503
          0.01958  4.33873  5.06107  0.61958  0.77255  0.48576  0.95510
     84   1.87888  4.28807  3.77490  3.22185  3.48260  3.63485  4.03644  2.48424  3.14719  1.81459  3.45364  3.54351  4.06648  3.43436  3.44473  2.46651  2.69780  2.49691  4.97299  3.75881    116 l - - -
          2.68618  4.42225  2.77519  2.73123  3.46354  2.40513  3.72494  3.29354  2.67741  2.69355  4.24690  2.90347  2.73739  3.18146  2.89801  2.37887  2.77519  2.98518  4.58477  3.61503
          0.01958  4.33873  5.06107  0.61958  0.77255  0.48576  0.95510
     85   1.61833  4.37609  3.67114  3.26932  4.13670  1.41630  4.27456  2.78191  3.25895  3.18345  4.07472  3.49693  3.94352  3.56335  3.58547  2.68531  2.91620  3.01213  5.54864  4.32234    117 g - - -
          2.68618  4.42225  2.77519  2.73123  3.46354  2.40513  3.72494  3.29354  2.67741  2.69355  4.24690  2.90347  2.73739  3.18146  2.89801  2.37887  2.77519  2.98518  4.58477  3.61503
          0.01958  4.33873  5.06107  0.61958  0.77255  0.48576  0.95510
     86   0.96352  4.30955  3.85243  3.49665  4.33906  2.15588  4.45678  3.61267  3.48745  3.41005  4.27405  3.58572  3.90999  3.76327  3.77520  2.61259  2.89194  2.63243  5.73569  4.54015    118 a - - -
          2.68618  4.42225  2.77519  2.73123  3.46354  2.40513  3.72494  3.29354  2.67741  2.69355  4.24690  2.90347  2.73739  3.18146  2.89801  2.37887  2.77519  2.98518  4.58477  3.61503
          0.01958  4.33873  5.06107  0.61958  0.77255  0.48576  0.95510
     87   3.33444  4.57791  5.26745  4.79296  3.85422  4.82850  5.50738  1.11900  4.70452  2.31125  3.61939  4.96873  5.09691  4.95866  4.87802  4.24668  3.59966  1.00901  5.90536  4.69414    119 v - - -
          2.68618  4.42225  2.77519  2.73123  3.46354  2.40513  3.72494  3.29354  2.67741  2.69355  4.24690  2.90347  2.73739  3.18146  2.89801  2.37887  2.77519  2.98518  4.58477  3.61503
          0.01958  4.33873  5.06107  0.61958  0.77255  0.48576  0.95510
     88   3.52784  4.86587  4.90669  4.46909  0.87661  4.54210  4.28221  2.70306  4.29885  1.93525  2.75584  4.48990  4.83523  4.37449  4.37435  3.92750  3.77221  2.79038  4.48169  2.89816    120 f - - -
          2.68618  4.42225  2.77519  2.73123  3.46354  2.40513  3.72494  3.29354  2.67741  2.69355  4.24690  2.90347  2.73739  3.18146  2.89801  2.37887  2.77519  2.98518  4.58477  3.61503
          0.01958  4.33873  5.06107  0.61958  0.77255  0.48576  0.95510
     89   3.34906  5.05216  4.11526  4.08436  5.16893  0.27298  5.14911  4.90844  4.32706  4.49182  5.48915  4.28209  4.45461  4.61510  4.48719  3.53799  3.86510  4.34605  6.11481  5.29519    121 G - - -
          2.68618  4.42225  2.77519  2.73123  3.46354  2.40513  3.72494  3.29354  2.67741  2.69355  4.24690  2.90347  2.73739  3.18146  2.89801  2.37887  2.77519  2.98518  4.58477  3.61503
          0.01958  4.33873  5.06107  0.61958  0.77255  0.48576  0.95510
     90   2.12223  4.44672  3.65495  3.54889  4.78812  0.69816  4.68660  4.20720  3.75335  3.93442  4.78711  3.64357  3.97659  4.00400  4.00949  2.70591  3.05313  3.57990  6.08899  4.93714    122 g - - -
          2.68618  4.42225  2.77519  2.73123  3.46354  2.40513  3.72494  3.29354  2.67741  2.69355  4.24690  2.90347  2.73739  3.18146  2.89801  2.37887  2.77519  2.98518  4.58477  3.61503
          0.01958  4.33873  5.06107  0.61958  0.77255  0.48576  0.95510
     91   3.34310  4.61379  5.19525  4.73072  3.76431  4.75995  5.43014  0.79289  4.61467  2.20436  3.54665  4.91140  5.05305  4.86760  4.78292  4.18432  3.61509  1.52346  5.82627  4.62393    123 i - - -
          2.68618  4.42225  2.77519  2.73123  3.46354  2.40513  3.72494  3.29354  2.67741  2.69355  4.24690  2.90347  2.73739  3.18146  2.89801  2.37887  2.77519  2.98518  4.58477  3.61503
          0.01958  4.33873  5.06107  0.61958  0.77255  0.48576  0.95510
     92   1.40900  4.36875  3.64978  3.18307  2.92266  3.34722  4.13873  3.25656  3.15982  2.98528  3.87702  3.45850  3.95182  3.45600  3.49768  1.74238  2.89868  2.93660  5.30251  4.03753    124 a - - -
          2.68618  4.42225  2.77519  2.73123  3.46354  2.40513  3.72494  3.29354  2.67741  2.69355  4.24690  2.90347  2.73739  3.18146  2.89801  2.37887  2.77519  2.98518  4.58477  3.61503
          0.01958  4.33873  5.06107  0.61958  0.77255  0.48576  0.95510
     93   1.50209  4.39052  3.62609  3.13456  3.83616  2.05311  4.10283  2.55273  3.09071  2.73480  3.78062  3.45241  3.98826  3.40507  3.43287  2.78012  2.91649  2.76719  5.27938  4.04421    125 a - - -
          2.68618  4.42225  2.77519  2.73123  3.46354  2.40513  3.72494  3.29354  2.67741  2.69355  4.24690  2.90347  2.73739  3.18146  2.89801  2.37887  2.77519  2.98518  4.58477  3.61503
          0.01958  4.33873  5.06107  0.61958  0.77255  0.48576  0.95510
     94   0.50839  4.49928  4.01176  3.85582  4.59200  3.30629  4.81086  3.79449  3.88654  3.65145  4.64934  3.86337  4.09132  4.18589  4.08442  2.85504  3.16605  3.36118  5.96701  4.83242    126 A - - -
          2.68618  4.42225  2.77519  2.73123  3.46354  2.40513  3.72494  3.29354  2.67741  2.69355  4.24690  2.90347  2.73739  3.18146  2.89801  2.37887  2.77519  2.98518  4.58477  3.61503
          0.01958  4.33873  5.06107  0.61958  0.77255  0.48576  0.95510
     95   3.73039  5.01360  4.97261  4.62873  0.75789  4.62834  4.10751  2.89958  4.45153  1.92492  3.55864  4.51951  4.93500  4.47577  4.48691  4.05765  3.97921  2.97573  4.25419  2.59286    127 f - - -
          2.68618  4.42225  2.77519  2.73123  3.46354  2.40513  3.72494  3.29354  2.67741  2.69355  4.24690  2.90347  2.73739  3.18146  2.89801  2.37887  2.77519  2.98518  4.58477  3.61503
          0.01958  4.33873  5.06107  0.61958  0.77255  0.48576  0.95510
     96   3.38941  4.74191  4.87601  4.40847  1.00564  4.46984  4.35011  2.52768  4.25614  1.90205  3.34105  4.45507  4.77910  4.35201  4.34844  3.83697  3.63989  2.14419  4.58925  3.03800    128 f - - -
          2.68618  4.42225  2.77519  2.73123  3.46354  2.40513  3.72494  3.29354  2.67741  2.69355  4.24690  2.90347  2.73739  3.18146  2.89801  2.37887  2.77519  2.98518  4.58477  3.61503
          0.01958  4.33873  5.06107  0.61958  0.77255  0.48576  0.95510
     97   2.04827  4.26028  4.56737  3.98624  2.55239  4.07141  4.41891  1.83053  3.84759  1.83670  3.24693  4.13066  4.40719  4.02875  3.96941  3.38385  3.10955  1.78308  4.96875  3.79307    129 v - - -
          2.68618  4.42225  2.77519  2.73123  3.46354  2.40513  3.72494  3.29354  2.67741  2.69355  4.24690  2.90347  2.73739  3.18146  2.89801  2.37887  2.77519  2.98518  4.58477  3.61503
          0.01958  4.33873  5.06107  0.61958  0.77255  0.48576  0.95510
     98   2.58893  4.92753  3.35654  2.73817  4.20330  3.64216  3.74100  3.57102  1.98414  3.15909  2.56480  3.19932  4.01761  2.90213  1.63775  2.90310  3.06056  3.27906  5.38208  4.12712    130 r - - -
          2.68618  4.42225  2.77519  2.73123  3.46354  2.40513  3.72494  3.29354  2.67741  2.69355  4.24690  2.90347  2.73739  3.18146  2.89801  2.37887  2.77519  2.98518  4.58477  3.61503
          0.01958  4.33873  5.06107  0.61958  0.77255  0.48576  0.95510
     99   1.43568  4.32463  3.72977  3.48700  4.66266  1.21528  4.55192  4.09891  3.59014  3.78032  4.58089  3.55614  3.87647  3.83505  3.88295  2.19450  2.89530  3.45600  5.99452  4.81001    131 g - - -
          2.68618  4.42225  2.77519  2.73123  3.46354  2.40513  3.72494  3.29354  2.67741  2.69355  4.24690  2.90347  2.73739  3.18146  2.89801  2.37887  2.77519  2.98518  4.58477  3.61503
          0.01958  4.33873  5.06107  0.61958  0.77255  0.48576  0.95510
    100   3.14001  5.17421  3.70216  2.97895  4.51098  3.83052  3.76854  3.85226  1.85243  2.45051  4.25216  3.37328  4.18048  2.91776  1.15969  3.17146  3.30865  3.57478  5.49762  4.31504    132 r - - -
          2.68618  4.42225  2.77519  2.73123  3.46354  2.40513  3.72494  3.29354  2.67741  2.69355  4.24690  2.90347  2.73739  3.18146  2.89801  2.37887  2.77519  2.98518  4.58477  3.61503
          0.01958  4.33873  5.06107  0.61958  0.77255  0.48576  0.95510
    101   2.66954  4.93590  3.02785  2.49756  4.29123  2.92208  3.70706  3.72405  2.45050  3.28814  4.08217  3.01151  3.87585  2.53112  2.40963  1.98322  2.26087  3.35504  5.48757  4.14245    133 s - - -
          2.68618  4.42225  2.77519  2.73123  3.46354  2.40513  3.72494  3.29354  2.67741  2.69355  4.24690  2.90347  2.73739  3.18146  2.89801  2.37887  2.77519  2.98518  4.58477  3.61503
          0.01958  4.33873  5.06107  0.61958  0.77255  0.48576  0.95510
    102   2.02149  4.79792  3.09248  2.70442  4.43141  1.67678  3.91879  3.84408  1.94494  3.44332  4.26211  3.15523  3.93184  3.08503  3.05387  2.74300  3.00672  3.43233  5.64670  4.34320    134 g - - -
          2.68618  4.42225  2.77519  2.73123  3.46354  2.40513  3.72494  3.29354  2.67741  2.69355  4.24690  2.90347  2.73739  3.18146  2.89801  2.37887  2.77519  2.98518  4.58477  3.61503
          0.01958  4.33873  5.06107  0.61958  0.77255  0.48576  0.95510
    103   2.72412  5.12771  2.97500  2.22528  4.46144  3.48101  3.65440  3.91210  1.65886  3.41627  4.18681  2.96601  2.92185  2.76625  2.54220  2.50994  2.71857  3.51547  5.56198  4.19646    135 k - - -
          2.68618  4.42225  2.77519  2.73123  3.46354  2.40513  3.72494  3.29354  2.67741  2.69355  4.24690  2.90347  2.73739  3.18146  2.89801  2.37887  2.77519  2.98518  4.58477  3.61503
          0.01958  4.33873  5.06107  0.61958  0.77255  0.48576  0.95510
    104   2.80326  4.87738  3.19142  2.67817  3.92646  3.58479  3.75698  3.52734  1.78963  3.12883  3.98780  3.15790  2.76571  2.95921  2.82829  2.85903  3.03368  3.23335  5.24777  2.07245    136 k - - -
          2.68618  4.42225  2.77519  2.73123  3.46354  2.40513  3.72494  3.29354  2.67741  2.69355  4.24690  2.90347  2.73739  3.18146  2.89801  2.37887  2.77519  2.98518  4.58477  3.61503
          0.01958  4.33873  5.06107  0.61958  0.77255  0.48576  0.95510
    105   1.72823  4.54220  3.31978  2.76171  3.73134  3.55666  3.80974  2.54275  2.70565  2.78239  3.65530  3.21766  3.41332  2.77414  2.82547  2.79534  2.89076  2.71682  5.11898  3.85477    137 a - - -
          2.68618  4.42225  2.77519  2.73123  3.46354  2.40513  3.72494  3.29354  2.67741  2.69355  4.24690  2.90347  2.73739  3.18146  2.89801  2.37887  2.77519  2.98518  4.58477  3.61503
          0.07014  4.33873  2.90620  0.61958  0.77255  0.48576  0.95510
    106   1.75535  4.94895  2.99059  2.50782  4.30397  3.45526  3.71798  3.72751  2.10515  3.29510  4.10169  3.01786  3.89278  2.34435  2.85136  2.40418  2.95641  3.36771  5.49411  4.16050    138 a - - -
          2.68618  4.42225  2.77519  2.73123  3.46354  2.40513  3.72494  3.29354  2.67741  2.69355  4.24690  2.90347  2.73739  3.18146  2.89801  2.37887  2.77519  2.98518  4.58477  3.61503
          0.06858  4.28917  2.94578  0.61958  0.77255  0.55377  0.85515
    107   2.65710  4.72745  3.14962  2.58029  3.94348  3.50742  3.69830  3.33629  2.14012  2.96833  2.47751  3.07402  3.52070  2.63238  2.56780  2.72777  2.75621  2.78462  5.24149  3.94550    139 k - - -
          2.68618  4.42225  2.77519  2.73123  3.46354  2.40513  3.72494  3.29354  2.67741  2.69355  4.24690  2.90347  2.73739  3.18146  2.89801  2.37887  2.77519  2.98518  4.58477  3.61503
          0.04934  4.24219  3.38826  0.61958  0.77255  0.61147  0.78210
    108   1.80507  4.27715  3.55029  3.28067  4.54258  1.37789  4.38189  3.98054  3.38370  3.64968  4.45166  3.41885  3.79548  3.64435  3.70589  1.72989  2.81811  3.36521  5.86503  4.65957    140 g - - -
          2.68618  4.42225  2.77519  2.73123  3.46354  2.40513  3.72494  3.29354  2.67741  2.69355  4.24690  2.90347  2.73739  3.18146  2.89801  2.37887  2.77519  2.98518  4.58477  3.61503
          0.07387  4.21504  2.87473  0.61958  0.77255  0.64221  0.74682
    109   2.23094  4.80179  3.17196  2.62686  4.18307  3.46200  3.71602  3.56895  2.35162  3.16516  4.00120  3.09282  3.89949  2.72633  1.76712  2.74525  2.42133  3.23843  5.38410  4.10302    141 r - - -
          2.68618  4.42225  2.77519  2.73123  3.46354  2.40513  3.72494  3.29354  2.67741  2.69355  4.24690  2.90347  2.73739  3.18146  2.89801  2.37887  2.77519  2.98518  4.58477  3.61503
          0.19226  4.16452  1.83650  0.61958  0.77255  0.69497  0.69132
    110   2.83026  4.59158  3.52999  3.44632  4.58349  0.55707  4.55749  4.21537  3.64483  3.85314  4.83094  3.69449  3.98674  3.95903  3.86560  3.00605  3.32142  3.71912  5.64364  4.69017    142 G - - -
          2.68649  4.41935  2.77535  2.73139  3.46323  2.40479  3.72525  3.29385  2.67729  2.69371  4.24720  2.90325  2.73755  3.18131  2.89831  2.37897  2.77488  2.98530  4.58508  3.61498
          0.08618  2.49412        *  2.59607  0.07749  0.00000        *
//
